                source_id|          ra|         dec|phot_g_mean_mag|parallax|     pmra|    pmdec|delta_mu|delta_mu_un|pm_error|      F|   F_un|
        18986817760556416| 39.82435829|  7.47081607|         12.860|    50.1|  480.354| -137.598|     6.5|        1.9|    13.7|    0.5|    0.1|
      1575357587146077056|182.87538613| 57.40314953|         15.623|    50.1|  413.831| -369.011|     5.3|        4.9|     7.9|    0.7|    0.6|
      3602406744394215936|179.44156854| -1.81838581|         14.222|    50.2|  396.530| -217.816|     3.1|        6.3|     6.8|    0.5|    0.9|
       419121948343397888|  4.94323571| 52.22031059|         17.353|    50.3|  310.272| -278.853|     3.4|        1.2|     6.0|    0.6|    0.2|
        82512476444934528| 37.60471507| 16.80513028|         15.385|    50.3|  210.575| -421.137|     5.0|        4.5|     5.5|    0.9|    0.8|
      3825820772648802688|146.53607076| -4.42761487|         13.936|    50.3| -551.303|  170.189|    11.3|       14.1|    10.1|    1.1|    1.4|
      2611463952760479232|341.61288825| -6.65972125|         14.159|    50.3|  694.930| -539.746|    15.4|       12.6|     9.2|    1.7|    1.4|
       921952117778154240|121.72910641| 42.29129375|         12.762|    50.4| -224.673| -273.247|     2.2|        7.9|     6.8|    0.3|    1.2|
      1134155113160270720|150.29158375| 81.15484257|         13.545|    50.4| -163.050| -320.699|     4.9|        4.6|     6.1|    0.8|    0.8|
      3677094164086948736|191.80918169| -5.41786240|         13.227|    50.5| -485.384|  563.047|     4.5|       12.2|     7.1|    0.6|    1.7|
      3825820772648802816|146.53607737| -4.42794561|         13.053|    50.5| -554.265|  166.404|     6.7|       10.7|    10.1|    0.7|    1.1|
       997801721262070912| 96.47171829| 56.17135899|         13.213|    50.5|  113.239| -503.656|     6.6|        8.4|     6.6|    1.0|    1.3|
       466652427262218240| 45.01251436| 62.86500046|         14.360|    50.5|  122.139| -278.052|     2.6|        7.6|     6.7|    0.4|    1.1|
      4269411798275964800|286.84113016|  4.73134939|         15.256|    50.7| -249.615| -153.917|     1.7|        2.5|     6.0|    0.3|    0.4|
      3618657732410663808|208.31631314| -9.27753106|         14.549|    50.7|  352.186| -358.577|     3.8|        3.8|    11.7|    0.3|    0.3|
       890661253803216896|105.21711940| 31.95952807|         16.334|    51.0|  353.843| -595.689|     3.8|        9.6|     6.3|    0.6|    1.5|
      3846639574348918528|147.70767598|  1.30218278|         12.623|    51.0|  234.473| -360.655|     4.1|        1.8|    11.1|    0.4|    0.2|
      3198812859478372480| 65.86135866| -7.39715259|         13.176|    51.1| -144.364| -177.544|     3.6|        6.1|     8.1|    0.4|    0.8|
      1015570963037979264|135.21528832| 48.41891999|         12.892|    51.1| -254.249|-1038.909|     6.1|        6.0|     6.5|    0.9|    0.9|
      4366633811793952896|258.01634026| -3.39254535|         15.495|    51.1| -371.410| -181.499|     1.6|        1.6|     5.8|    0.3|    0.3|
      4195469572528982144|297.09252481| -8.38272235|         14.561|    51.1| -428.126| -349.999|     6.2|        5.4|     5.9|    1.0|    0.9|
      5756746775106229120|133.55563844| -8.08696747|         14.977|    51.1|  940.720| -803.095|  2367.8|     2367.5|     5.6|  420.6|  420.6|
       706300980915871616|129.85586200| 29.88883557|         13.320|    51.2|  120.746|  117.715|     5.7|       10.5|    12.6|    0.5|    0.8|
      3270388416449237760| 58.04662050|  2.18151721|         17.731|    51.3|  306.262|  341.307|     9.7|       11.5|    12.3|    0.8|    0.9|
       258996015538087680| 71.58398350| 48.74489866|         15.046|    51.3| 1020.228| -634.672|     1.4|        4.8|     6.1|    0.2|    0.8|
      3862117335108574848|158.13634892|  6.50125028|         13.989|    51.5| -232.200| -193.217|    12.2|       11.1|     9.2|    1.3|    1.2|
       496663940735093632| 68.32482046| 68.77937403|         14.264|    51.7|  182.510| -528.204|     1.7|        4.3|     6.2|    0.3|    0.7|
       496663940735093504| 68.32866442| 68.78020154|         14.412|    51.8|  170.912| -534.234|     1.3|        4.0|     6.2|    0.2|    0.7|
      2537831170877143552| 17.05015498|  0.46413403|         13.279|    51.9| -250.562| -353.040|    13.3|       19.7|    13.2|    1.0|    1.5|
       177700805837431296| 63.44403338| 37.15143739|         18.620|    51.9|  642.019| -240.122|     2.6|        6.5|     8.3|    0.3|    0.8|
      1803225427774999680|303.22032653| 12.77614729|         16.144|    51.9|  272.880|  150.968|     2.0|        7.0|     5.7|    0.4|    1.2|
      1193520666521113344|233.77345317| 12.79509004|         15.590|    51.9| -165.597| -179.697|     4.7|        6.9|     7.4|    0.6|    0.9|
       565169459376414592|  3.43578920| 80.66451637|         14.422|    52.0|  250.135|  193.826|    30.2|       34.5|     7.9|    3.8|    4.4|
      3997576171218205312|170.47941329| 26.83026346|         12.923|    52.1| -300.316| -129.892|     5.3|        2.1|     6.4|    0.8|    0.3|
      1927517417630958208|359.96205586| 47.76147774|         14.278|    52.1|  872.381| -199.492|     1.4|        0.5|     6.2|    0.2|    0.1|
      1616853430856547968|221.10351244| 58.28778692|         14.105|    52.1| -259.385|  182.691|     7.3|       13.8|     5.9|    1.2|    2.3|
      3013672487388307456| 83.84028164| -9.51950385|         15.777|    52.2|  344.450| -230.533|     6.0|       16.6|     6.8|    0.9|    2.5|
      1844125748497557632|312.58399314| 26.50998587|         15.393|    52.2| -414.834| -301.141|     3.9|        3.7|     8.8|    0.4|    0.4|
       515045129459646080| 31.79538912| 64.28574994|         12.897|    52.3|  222.587| -166.875|     1.7|        6.5|     6.3|    0.3|    1.0|
      3582675080520660992|185.96594680| -8.97997618|         15.670|    52.3| -232.216| -275.720|     1.9|        2.9|     6.3|    0.3|    0.5|
      4152557420406043264|276.01801514|-13.14792143|         15.400|    52.5| -205.503| -638.933|     7.5|       17.7|    11.7|    0.6|    1.5|
       901941452829250560|121.85665819| 32.21833679|         16.499|    52.7| -372.942| -253.509|     2.5|        1.3|     9.9|    0.3|    0.1|
      1239625559894563968|215.37737090| 18.46051866|         17.839|    52.9| -753.636| -165.528|     8.0|        6.0|     6.7|    1.2|    0.9|
      1104878103513141760| 90.61043756| 66.34230092|         13.014|    52.9|  339.501| -473.889|    11.9|        9.2|     6.9|    1.7|    1.3|
      4310146505003156992|284.91030116|  8.48230654|         13.758|    53.0| -377.994| -254.182|     4.1|        5.4|     5.9|    0.7|    0.9|
       666988221840703232|118.10053541| 16.20259811|         14.753|    53.0|  183.169| -350.297|     5.7|        4.2|     5.4|    1.1|    0.8|
      3795993633527490304|176.92404164|  0.25123388|         14.814|    53.0| -306.025| -100.288|    10.7|        7.2|     8.9|    1.2|    0.8|
      2856874535763703680|  4.72528752| 27.81335564|         12.501|    53.1|  394.367| -112.136|     1.8|        9.2|     5.9|    0.3|    1.6|
      1390976698417570688|232.43593911| 42.87747231|         12.944|    53.1|  449.650| -613.007|    17.9|       15.6|     6.0|    3.0|    2.6|
          769456276704128| 47.51489912|  2.57276951|         14.599|    53.1|  180.201| -320.720|    12.8|       21.1|    11.2|    1.1|    1.9|
      4364462551205872000|256.45198262| -5.28007364|         18.188|    53.1|  116.908| -119.751|    10.8|        6.2|     6.4|    1.7|    1.0|
       694072869723271296|140.09582755| 26.72619427|         14.077|    53.2|  896.292| -544.985|     2.0|        5.8|     7.6|    0.3|    0.8|
      2514052131687080192| 35.19339905|  2.97579951|         13.201|    53.4|  152.037| -293.535|     4.9|       18.6|    11.2|    0.4|    1.7|
      4171383636445972096|271.77647301| -6.43070164|         17.632|    53.4|  124.347| -206.743|     7.8|       12.1|     7.2|    1.1|    1.7|
      1188693088919917952|224.10921481| 17.91876930|         14.055|    53.5| -848.101|  488.087|     8.9|       19.1|    16.4|    0.5|    1.2|
      4159791176135290752|277.82623511| -7.54101559|         17.314|    53.5|  136.400| -152.838|    31.1|       26.8|     7.7|    4.0|    3.5|
      2461728194387221504| 30.43402324|-10.29031782|         13.026|    53.5|  274.791|  244.102|     3.1|        5.3|     6.2|    0.5|    0.9|
      1461049369026235904|197.83803392| 28.54288114|         14.098|    53.6| -404.025| -448.008|     8.3|        4.9|     7.4|    1.1|    0.7|
      1188693088920139136|224.11183882| 17.92127785|         16.053|    53.6| -850.262|  495.669|     8.5|       18.3|    16.4|    0.5|    1.1|
       671143035762692352|115.27734903| 17.64357223|         16.069|    53.6| -201.403| -499.207|     4.7|        2.7|     6.1|    0.8|    0.4|
      2204001126955518592|329.65172571| 61.28549118|         14.749|    53.7|  807.952|  110.732|     2.2|        4.5|     6.7|    0.3|    0.7|
      3301319572621418368| 60.10955103|  8.23350576|         15.696|    53.8| -362.651| -394.331|     4.7|        6.1|     6.9|    0.7|    0.9|
       405118190290397568| 14.90277744| 52.62245766|         13.854|    53.8| -112.208|  336.067|    79.1|       74.2|     5.8|   13.5|   12.7|
      4101582957531738112|285.81710045|-13.57024587|         13.421|    53.8| -493.580| -490.670|    11.6|        4.2|     6.2|    1.9|    0.7|
      3865934633321490048|163.94577942|  8.14464500|         17.069|    53.9| -329.409| -138.187|     9.1|       11.0|    10.8|    0.8|    1.0|
      1530331933155079808|193.62965479| 44.99190694|         14.158|    53.9| -651.892| -269.168|     4.1|        4.8|     7.3|    0.6|    0.7|
      1047188004010109440|155.69404379| 58.42600122|         18.290|    54.0| -810.148| -736.825|     2.5|        4.3|     6.8|    0.4|    0.6|
      1649407285800074240|254.51398746| 70.44907156|         18.115|    54.1| -139.861| -314.854|     5.7|       10.8|     6.6|    0.9|    1.6|
      4257891802569298048|277.66344042| -3.93904403|         12.831|    54.3| -213.744| -106.032|     5.7|       11.9|     8.0|    0.7|    1.5|
      4213581106021661184|292.77003917| -3.10289714|         14.653|    54.5|  198.139|  480.165|     3.6|        2.9|     5.7|    0.6|    0.5|
       495091570387568512| 61.49203274| 71.27630944|         12.548|    54.6|  171.059| -379.058|     8.1|        5.0|     6.4|    1.3|    0.8|
       495091536024630656| 61.48760165| 71.27553441|         14.639|    54.6|  166.660| -378.685|    20.1|       15.3|     6.4|    3.1|    2.4|
       641821259671808896|149.11007979| 22.64914689|         12.704|    54.6| -465.314| -258.893|     5.4|        7.8|     6.7|    0.8|    1.2|
       495091536028866560| 61.48838908| 71.27565345|         14.215|    54.6|  172.952| -370.367|    10.6|        7.0|     6.4|    1.7|    1.1|
       656328319169788032|125.48480046| 17.81622974|         14.089|    54.7| -520.913|  146.698|     6.9|       10.2|     5.7|    1.2|    1.8|
      5764485618978306176|134.80451030| -0.97910400|         16.103|    54.8|  156.636| -119.589|     5.6|        5.9|     7.3|    0.8|    0.8|
      3593710810008880768|173.78192862| -5.66062153|         13.342|    54.8|  300.582| -948.163|     9.5|       15.1|    10.5|    0.9|    1.4|
      4489306942580947584|265.47516203|  9.68049988|         15.932|    54.8| -340.278| -259.791|     4.4|        7.4|     6.8|    0.7|    1.1|
      4283084190940885888|279.04574539|  3.25703660|         19.897|    54.9|  255.087|  174.222|   129.2|      130.3|     7.1|   18.1|   18.2|
      2098118397710725248|281.32982006| 38.89174560|         16.512|    54.9|  201.007|  353.942|     7.2|        6.0|     6.5|    1.1|    0.9|
      3144837318276010624|117.56171562|  7.18899864|         16.592|    55.0|  211.520|-1782.618|  1165.4|     1162.9|     7.1|  163.0|  162.7|
      1228555023991501184|215.93391289| 14.44520579|         14.996|    55.0|  358.369| -544.221|    36.0|       41.0|     9.8|    3.7|    4.2|
      3606183188877989376|207.02716941|-13.74439102|         13.513|    55.0| -687.920| -513.014|    11.7|        7.2|     7.9|    1.5|    0.9|
      2125777643503392640|291.82577650| 42.53079017|         13.513|    55.1|  410.333| -165.382|     1.6|        4.7|     5.5|    0.3|    0.9|
      2034222547258288000|298.98858039| 32.25498380|         20.302|    55.1| -383.254| -553.841|   155.6|      154.3|     7.8|   19.8|   19.7|
      3144837112115126400|117.56486467|  7.18568055|         16.344|    55.1|  209.910|-1790.496|  1548.5|     1545.8|     8.0|  193.8|  193.5|
       628865130046268672|153.72046302| 21.39513525|         12.865|    55.2| -183.972| -222.352|     8.9|        9.7|     6.3|    1.4|    1.5|
      1798588409277193984|321.74049056| 25.51561526|         17.002|    55.3| -120.871| -650.356|     2.5|        0.4|     5.9|    0.4|    0.1|
       646255246469567232|143.20029277| 26.99440409|         13.842|    55.3| -143.815| -245.092|     7.5|        9.9|    11.7|    0.6|    0.8|
      4276822089967374336|276.56836599|  1.77384825|         13.267|    55.3| -135.755|  304.372|     4.2|       12.0|     6.5|    0.6|    1.8|
       615779464207025152|150.67757989| 14.98589681|         12.760|    56.0|  157.021| -235.646|    11.4|       13.7|     8.7|    1.3|    1.6|
        16386404041502592| 52.14680669| 11.49883135|         16.867|    56.1|  542.174|  256.931|     6.9|       14.9|    12.6|    0.5|    1.2|
      3927886100593557888|193.71037814| 11.98561599|         13.898|    56.1| -274.458| -393.340|    13.4|        7.2|    10.6|    1.3|    0.7|
      4438043930922131072|243.92753357|  5.77733724|         17.578|    56.2|  141.792| -103.099|     3.5|        3.7|     9.1|    0.4|    0.4|
      2045458628362127360|294.68299627| 33.19441314|         12.571|    56.2|  142.469|  261.011|     4.2|        5.0|     5.6|    0.8|    0.9|
      1327654969076730880|249.25489571| 35.59352644|         14.669|    56.5| -196.479| -508.237|     3.4|        1.7|     6.0|    0.6|    0.3|
      6311012064136913920|220.44099076|-14.45563076|         14.357|    56.5| -145.689| -182.175|     4.9|        2.9|     6.2|    0.8|    0.5|
       646076953786745472|142.29097803| 25.96804320|         14.390|    56.6|-1048.221| -270.144|     2.1|        5.2|    10.3|    0.2|    0.5|
      3352091927220152320| 99.02567811| 11.61374130|         12.796|    56.6| -205.395| -852.115|     9.1|        4.4|     7.0|    1.3|    0.6|
      1041395708035677312|132.12736461| 61.14977485|         13.642|    56.7|  403.639| -411.637|     7.6|        6.7|     6.3|    1.2|    1.1|
       207033680124098048| 76.39343357| 46.79953911|         15.915|    56.8| -116.465| -180.197|    26.6|       29.5|     6.2|    4.3|    4.7|
      1871118140493076224|312.27882303| 37.47122797|         13.036|    56.9|  162.121|  148.142|     6.3|        8.1|     5.6|    1.1|    1.4|
       765038614353808768|167.20415887| 39.91947730|         14.118|    56.9| -317.056| -159.386|     1.6|        3.1|     5.9|    0.3|    0.5|
      3022439786949104256| 86.79036794| -5.20562649|         13.079|    56.9|  532.053| -554.203|     4.6|        2.5|     6.1|    0.8|    0.4|
      3574445407785255296|182.18346205|-11.56400408|         14.422|    56.9|  247.857| -329.236|    12.1|       14.5|    10.8|    1.1|    1.3|
      3794437034301022720|177.98105299| -1.52632710|         13.864|    57.0|  142.664| -159.656|     7.9|        7.4|     9.4|    0.8|    0.8|
      2660358032257156736|352.19670802|  5.24721310|         13.062|    57.1| -398.246| -266.744|     1.2|       14.4|     6.9|    0.2|    2.1|
      2460900300786503296| 28.46344420|-10.53836329|         13.754|    57.2|  618.217| -271.465|     4.3|        7.0|     9.9|    0.4|    0.7|
      5745027011945719808|142.23139279| -7.37312571|         13.474|    57.2| -166.488| -712.629|     2.1|        5.9|     7.5|    0.3|    0.8|
      2766234439302571904|  1.83723771| 12.50484548|         16.257|    57.3|  355.027| -232.299|     4.8|        6.0|     8.1|    0.6|    0.7|
       287949592667076864| 85.09475933| 64.28386277|         17.341|    57.3| -324.107| -105.245|    13.0|       16.1|     6.3|    2.1|    2.6|
       151650935831913216| 69.18820274| 27.16365247|         15.611|    57.5|  227.479| -148.400|     5.3|       12.0|     6.7|    0.8|    1.8|
      2177877452238559104|321.85799800| 55.88868199|         16.290|    57.5|  308.524|  264.024|     5.5|        4.4|     6.1|    0.9|    0.7|
      1604901876901703168|215.76332805| 51.77600463|         15.867|    57.8|  362.720|  192.974|     9.5|       14.2|     8.2|    1.2|    1.7|
      3987041475434695936|159.03739435| 19.39015002|         15.078|    58.1|  228.859| -381.929|     5.9|        9.8|     6.3|    0.9|    1.5|
       418363560198079616|  9.82609486| 55.13591103|         12.881|    58.2| -360.778| -234.308|     7.2|        5.6|     5.9|    1.2|    1.0|
       333010327952701696| 32.84280348| 39.92041953|         14.405|    58.2| 1028.678| -500.415|     5.3|        9.6|     5.6|    0.9|    1.7|
      6916929660661726208|313.28984956| -1.55217101|         13.986|    58.4|  399.851| -215.845|     3.3|        8.3|     6.4|    0.5|    1.3|
      1209432042883668480|233.71072952| 18.00196306|         13.886|    58.5| -205.699| -336.312|    19.3|       17.1|    14.8|    1.3|    1.2|
      1590096093840214272|221.50611085| 46.55503194|         13.231|    58.6|  496.880| -415.588|    16.9|       22.9|     6.6|    2.6|    3.5|
      2150504594853811456|277.58240469| 54.79216972|         15.451|    58.7| -267.036|  287.690|     2.8|        8.9|     8.8|    0.3|    1.0|
      4247106761739962880|301.23744889|  3.35064978|         13.398|    58.7| -102.255| -336.557|     3.6|        4.1|     6.9|    0.5|    0.6|
      1668664785283445760|219.54101774| 64.14250036|         17.642|    58.9|  644.154| -206.958|     1.9|        3.5|     6.1|    0.3|    0.6|
      5751680775281710720|127.84505768|-10.49969685|         13.349|    58.9| -593.355| -324.795|     2.7|        3.4|     6.2|    0.4|    0.5|
      2276449837884804480|306.21543762| 74.20966132|         13.635|    58.9|  233.230|  634.999|     4.1|       10.0|    11.0|    0.4|    0.9|
      3261591090771914240| 51.29708001| -1.82470818|         15.908|    59.1|  235.863| -868.900|    12.6|        6.7|     7.1|    1.8|    1.0|
      3181367767472670080| 73.01496562|-10.97369053|         14.141|    59.1| -391.376| -218.224|    35.6|       41.0|     7.1|    5.0|    5.8|
       419624356438705152|  6.31420831| 54.38024607|         15.716|    59.7| -342.757| -375.956|     8.5|        4.8|     7.1|    1.2|    0.7|
      2100693797539808896|286.70286292| 40.18492091|         17.839|    59.7|  438.293| -179.712|     3.8|        4.4|     5.6|    0.7|    0.8|
      1869054868256849920|312.36322645| 33.61232589|         15.380|    59.7| -207.809| -412.215|     8.1|        5.0|     6.0|    1.4|    0.8|
       599891555546067072|127.63350130|  9.78558154|         16.219|    59.8| -489.670| -459.219|     5.3|        3.0|     7.7|    0.7|    0.4|
      6914281796143286784|310.68929166| -5.00480609|         15.175|    60.0|  241.054|  116.992|     8.6|        8.9|     5.7|    1.5|    1.6|
      4412417304175836544|240.67278256|  1.53034727|         14.438|    60.0| -163.832| -559.163|     3.2|        3.4|     6.7|    0.5|    0.5|
      2801216123294143360|  5.86553641| 24.30736067|         12.821|    60.2| -225.259|  117.710|     6.1|        5.6|     5.9|    1.0|    0.9|
       523359498947960704| 15.62486403| 63.54342731|         14.037|    60.2|  125.764|  298.934|    29.2|       28.6|     6.8|    4.3|    4.2|
      2281046483684995840|336.79143736| 77.86718789|         13.511|    60.5|  237.579|  249.364|     3.3|        3.8|     7.2|    0.5|    0.5|
      2145277550935526784|278.48924205| 51.72092654|         13.907|    60.6|  199.634| -339.350|     1.7|        2.2|     5.6|    0.3|    0.4|
      3704392873141718912|195.03580969|  3.47422444|         15.636|    60.6| -438.744| -865.954|     1.3|        1.4|    10.1|    0.1|    0.1|
      2206265777300448768|336.44879839| 64.36474555|         17.327|    60.6| -337.375|  310.022|     5.1|       13.9|     6.4|    0.8|    2.2|
      1726678630833373824|197.18266883| 85.04004183|         15.809|    60.7|  214.430| -250.712|     3.5|        1.3|     7.8|    0.4|    0.2|
       912087093295958144|132.28387632| 39.60584213|         13.999|    60.8| -386.511| -333.906|     2.9|        5.5|     8.1|    0.4|    0.7|
      2183807118443409536|310.83704104| 55.35569134|         12.920|    61.0|  867.526| 1711.731|  1290.1|     1287.9|    15.0|   86.1|   86.0|
      2283612503305198208|321.76063001| 76.29903871|         19.952|    61.1|  756.414|  822.463|   606.7|      613.7|     8.5|   71.3|   72.1|
      3038607830561555072|121.40613633| -9.54655437|         13.524|    61.3|  486.440| -576.794|     5.5|        8.6|     6.2|    0.9|    1.4|
       569821974111727744| 63.51645883| 82.25759093|         13.526|    61.3|  252.212| -567.946|     3.7|        4.8|     6.5|    0.6|    0.7|
      3269132022551595264| 50.51859834|  2.93964753|         13.310|    61.4|  340.252| -749.898|     3.1|        7.3|    10.3|    0.3|    0.7|
      1672538231604762624|208.20519739| 66.81589796|         13.887|    61.5| -472.049| -548.652|     2.8|        7.2|     5.9|    0.5|    1.2|
      3994492865736279552|170.77821306| 25.89213117|         13.543|    61.7|-1010.919| -323.127|     8.8|       10.2|     6.2|    1.4|    1.6|
        91289568531757184| 26.24011779| 16.34236264|         12.635|    61.7| -738.463| -420.703|     8.4|        7.0|     5.6|    1.5|    1.2|
      6913810483611035776|314.20256506| -4.84530759|         16.347|    61.8|  776.292| -223.117|    17.4|       21.6|     7.8|    2.2|    2.8|
      1060313492785021312|167.12534674| 68.50376157|         18.145|    61.8| -237.197| -198.662|     7.9|        5.4|     6.9|    1.2|    0.8|
      2800823799506215168|  6.33469185| 22.88435835|         12.771|    61.9| -234.412| -463.946|     2.9|        4.9|     6.1|    0.5|    0.8|
      4168368844280868992|263.53535706| -8.83242587|         14.108|    62.0| -183.328| -311.311|     1.9|        3.7|     5.9|    0.3|    0.6|
      3280675417175220224| 66.58254264|  3.60555076|         15.548|    62.5| -121.117|-1012.074|    16.8|       19.7|    10.6|    1.6|    1.9|
      2029432043779954432|300.86424531| 29.86419877|         12.779|    62.5|  681.116| -525.863|     5.8|        6.0|     5.8|    1.0|    1.0|
      1052520154368111872|155.79074604| 63.46251156|         14.593|    62.7|  299.941|  222.028|     8.7|        8.0|     7.3|    1.2|    1.1|
      1331106782752978688|247.10143736| 36.77438727|         13.783|    62.9| -494.230|  746.698|     0.3|        5.8|    11.1|    0.0|    0.5|
       309977380415042432| 17.34632105| 29.82564749|         17.591|    63.0| 1011.269|  368.227|     1.1|        3.3|     5.9|    0.2|    0.6|
       281261607033049472| 78.87996512| 59.18370662|         15.289|    63.4|  116.467|-1005.994|     4.6|        4.6|     6.7|    0.7|    0.7|
      1380293091823646720|241.63659923| 40.90684468|         14.829|    63.4| -716.302|  162.486|     4.5|       12.7|     6.7|    0.7|    1.9|
      2001345397199713152|336.23469729| 52.00711138|         13.331|    63.8|  233.155|  431.983|     7.5|        5.2|     6.8|    1.1|    0.8|
       851053031037729408|162.82732096| 56.21767230|         18.065|    63.9| -227.028| -316.001|    14.3|       13.6|     7.3|    2.0|    1.9|
      1656076893269778432|265.68234447| 75.62282031|         12.837|    64.3|  513.741|  211.127|     2.3|        4.2|     5.9|    0.4|    0.7|
      4594186745414679680|263.80474400| 26.57845253|         15.870|    64.3|  141.579| -289.130|    31.7|       36.6|     6.3|    5.0|    5.8|
      2564019716784563840| 17.99328955|  4.90110530|         12.558|    64.6|  373.049| -529.964|     8.6|       15.5|     7.4|    1.2|    2.1|
      3005440443830195968| 90.72650698| -9.25367942|         14.589|    65.4|  115.872| -593.775|     4.2|        6.4|     6.2|    0.7|    1.0|
      6319027263385067264|227.95646559|-10.23946474|         12.744|    65.5| -967.883| -250.196|     9.6|        6.9|     6.0|    1.6|    1.1|
      1631591147276525696|253.20757184| 63.07812357|         12.757|    65.8|  147.377|  152.860|     6.5|        3.9|     7.0|    0.9|    0.6|
      4497414466452138496|274.27507713| 13.46865079|         15.615|    66.1| -436.212|-1115.553|     7.1|        9.2|     9.0|    0.8|    1.0|
      1120741689776617600|140.31680400| 73.10919064|         13.466|    66.4| -912.026| -343.031|    10.4|       12.2|     7.4|    1.4|    1.7|
      1735245338242513536|310.85143816|  4.76468597|         13.517|    66.5|  446.319| -145.517|     5.6|        8.4|     7.3|    0.8|    1.2|
      3808159454810609280|162.17643933|  1.19847721|         17.700|    66.6| -439.575| -231.446|    11.9|       17.4|     7.2|    1.7|    2.4|
      1138963758544545280|123.42723032| 79.30137045|         13.194|    66.7| -350.864| -407.828|     8.1|        9.8|     6.8|    1.2|    1.4|
       746545859566712832|150.20647542| 31.92731751|         14.124|    66.9| -533.951| -428.522|     3.9|        7.4|     5.9|    0.7|    1.3|
       121843656638575872| 48.55352914| 28.67431954|         14.582|    67.1|  311.196| -750.010|     0.4|        1.9|     5.3|    0.1|    0.3|
      3899128064731508736|178.47088836|  6.99498534|         15.268|    67.1|  314.535| -894.185|     5.0|        2.3|    10.2|    0.5|    0.2|
      3814642931282607104|165.33669038|  3.00299483|         12.675|    67.3| 1074.026| -402.291|     5.6|       11.8|     7.6|    0.7|    1.6|
      3143635723866162432|117.96608429|  5.54739178|         13.142|    67.6|  443.246| -409.885|     7.6|       10.5|     7.7|    1.0|    1.4|
       393621524910343296|  2.23227288| 49.31654365|         14.385|    67.8|  352.671|  202.424|     1.6|        2.1|     5.8|    0.3|    0.4|
       740483560857296768|152.92260660| 28.76323853|         16.547|    67.9| -124.825| -713.244|     5.7|        2.8|     7.1|    0.8|    0.4|
       240945608019526272| 50.75898300| 42.00439890|         13.612|    67.9|  275.383| -688.141|     8.8|        3.4|     9.9|    0.9|    0.3|
      4470812298018311296|274.13072292|  4.88119324|         13.014|    68.2| -155.423|  407.111|     1.9|        7.0|     6.4|    0.3|    1.1|
        56252256123908096| 50.25045284| 18.90518268|         16.105|    68.3|  352.290| -257.070|     1.6|        4.7|     6.5|    0.3|    0.7|
      4393265392168829056|258.83147999|  4.96057534|         12.997|    68.3|  580.202| -749.713|     9.1|       15.5|     6.1|    1.5|    2.5|
      1965478468902062464|321.13780325| 40.06853292|         13.897|    68.9|  542.230|  439.024|     4.2|        7.7|     6.3|    0.7|    1.2|
       279844370905734144| 79.22394987| 56.67019026|         15.017|    68.9|  140.665| -407.958|     5.8|        4.5|     5.8|    1.0|    0.8|
      1405343643196929536|248.75733561| 43.29208824|         14.716|    69.0|  226.112| -301.846|     2.7|        5.6|     6.1|    0.4|    0.9|
       573273684709125504| 19.92451075| 84.16122554|         13.098|    69.2| -981.853|  475.580|     1.9|        4.1|    22.9|    0.1|    0.2|
      2751296646125543040|  8.98624024| 10.47482086|         13.559|    69.5| 1085.066| -384.920|     4.7|        5.1|     6.5|    0.7|    0.8|
      2098514324976071424|280.84148373| 40.67522342|         15.408|    69.6| -120.803|  591.279|     4.7|        1.0|     5.7|    0.8|    0.2|
      1648484868558988544|250.08279107| 67.60294001|         13.552|    69.8| -273.270|  365.310|     2.5|        8.6|     6.1|    0.4|    1.4|
       524551232110220800| 12.34816369| 65.30023632|         13.221|    69.9| -813.980| -178.243|     5.4|        5.3|     6.2|    0.9|    0.9|
      3342958387205080064| 89.24084594| 11.74102282|         13.802|    70.3|  523.506| -342.442|     8.0|        9.9|     7.0|    1.1|    1.4|
      3530383784971799680|191.00091142|-11.17578763|         12.635|    70.6| -478.939| -153.024|     5.2|       11.3|     5.8|    0.9|    1.9|
      2799992744809482112|  6.98524395| 22.32490279|         14.962|    70.8|  392.717| -186.588|    14.1|       15.1|     9.6|    1.5|    1.6|
      1466009540856759680|196.71054782| 30.84621622|         13.605|    70.9|  182.154| -474.771|    24.7|       25.7|    24.9|    1.0|    1.0|
        33732162042339072| 41.64079022| 16.41697205|         14.553|    71.6| -831.533| -569.025|     8.8|       14.4|     7.3|    1.2|    2.0|
      3668176368871118208|213.88230240|  4.65531887|         12.655|    72.0| -744.439| -769.544|     0.5|        4.0|    13.1|    0.0|    0.3|
      2158285185808357504|275.33398632| 61.01561311|         15.400|    73.0|  147.940| -698.511|     2.8|        4.5|     6.7|    0.4|    0.7|
       144312344255035392| 68.39367443| 20.74463639|         12.891|    73.5|  454.864| -321.946|     7.5|        9.1|    10.2|    0.7|    0.9|
       659464504288593536|130.11987002| 18.40042858|         14.992|    73.9| -809.817| -448.969|     6.9|        6.3|     7.4|    0.9|    0.8|
       555032443207370880| 61.66178755| 79.26526646|         13.371|    74.0|  277.312| -404.306|     6.5|        2.1|     7.1|    0.9|    0.3|
        65829792677145344| 58.69113091| 24.27252218|         14.368|    75.0| -293.338| -221.464|     5.1|        9.8|     9.6|    0.5|    1.0|
      1227705135863076864|217.01564157| 13.93483357|         14.896|    75.6| -365.415| -495.513|    13.9|       19.4|     6.8|    2.0|    2.8|
      3023121827755777280| 85.55220114| -5.46118159|         13.475|    77.1| -157.228|  956.726|    10.1|       13.6|     6.1|    1.7|    2.2|
      4440264291578812928|248.13945312|  8.85514677|         14.897|    77.4|  278.061| -259.021|     1.5|        4.6|     6.4|    0.2|    0.7|
      2868199402451064064|355.71803855| 30.82137350|         12.799|    77.5| -335.963| -300.586|     4.1|        6.8|     6.8|    0.6|    1.0|
      1710948192852697600|262.81227758| 82.09105560|         12.653|    77.7| -291.490|  483.922|     3.7|        8.0|    14.1|    0.3|    0.6|
      1461125613285603840|197.39399526| 28.98419479|         12.576|    77.9| -338.560| -203.980|    25.6|       18.7|     6.9|    3.7|    2.7|
      2985035874544160384| 80.90975754|-14.04984285|         18.057|    78.5|  107.484|  161.468|    14.7|       20.5|     8.2|    1.8|    2.5|
      3412806512623627008| 72.71521106| 22.12075689|         13.332|    79.0|  628.828| -425.445|     1.1|        1.7|     5.3|    0.2|    0.3|
      2480523216087975040| 24.50006542| -4.99729804|         12.744|    79.2|  580.928| -350.274|     5.9|        5.4|     6.4|    0.9|    0.9|
        14912165107085184| 47.25198973| 10.02118612|         13.184|    79.5|  286.343| -586.297|     2.3|        7.8|     7.1|    0.3|    1.1|
      2492866780297999232| 33.55461353| -3.96280046|         14.148|    80.1|  509.638| -155.813|     6.9|        4.6|     6.6|    1.0|    0.7|
      3278325004913943808| 56.83914754|  8.69351550|         12.961|    80.1|  468.997| -652.311|     8.2|        2.8|    16.8|    0.5|    0.2|
      2635476908753563008|346.62652163| -5.04352832|         15.623|    80.2|  930.788| -479.038|    10.7|        8.9|    13.0|    0.8|    0.7|
       167202325215063168| 60.40425877| 28.83085081|         18.558|    80.4| -468.257| -102.608|     1.3|        6.8|     5.9|    0.2|    1.1|
      4540481374832743040|259.43211388| 11.66813765|         13.209|    80.8| -343.495| -450.857|    42.8|       44.4|     7.4|    5.8|    6.0|
       640862653425455360|145.26076750| 22.02237313|         12.700|    81.0|  461.722| -487.446|     6.3|       11.8|     5.8|    1.1|    2.0|
      1554433777791815808|197.54841703| 47.75244772|         12.803|    82.0| -636.059| -616.392|     8.4|       16.4|    12.8|    0.7|    1.3|
       547381594623756416| 47.77196004| 73.76736018|         13.015|    82.7| 1825.649|-1074.927|  2699.9|     2699.7|     9.9|  272.4|  272.3|
      4015042738059517568|185.36037227| 30.64265947|         13.436|    83.5| -191.036| -253.760|   199.1|      191.3|     9.1|   21.9|   21.0|
      4015042738059517440|185.36164356| 30.64205578|         13.383|    83.5| -209.779| -267.270|   130.7|      138.4|     9.1|   14.4|   15.2|
      4518262684390915200|282.47643022| 18.67338861|         12.532|    83.8| -109.304| -278.685|     2.2|        5.9|     5.3|    0.4|    1.1|
      1326893351115617024|251.62929593| 34.58029025|         14.285|    84.0| -383.680| -383.499|     4.9|        3.7|     9.4|    0.5|    0.4|
      2030861099681010304|300.02569994| 30.96460166|         14.302|    85.7|  377.382| 1279.193|   430.3|      430.9|     5.6|   76.6|   76.7|
      3457493517036545280| 90.62784810| 39.18069055|         17.258|    85.8|  157.570| -506.405|     4.9|       10.1|     6.6|    0.7|    1.5|
      4235280071072332672|299.11983049| -1.04554736|         13.591|    86.5| -437.759| -706.215|    16.5|       19.8|     5.8|    2.9|    3.4|
      1612801833587498240|224.47615012| 56.65392258|         13.573|    87.2|  280.411| -646.938|     2.4|        6.3|    10.6|    0.2|    0.6|
       191109281417914880| 84.85713696| 40.64152330|         15.273|    88.0|  646.150| -834.492|     7.0|        8.7|     5.7|    1.2|    1.5|
      1332966881549315456|247.82744480| 40.86572384|         12.927|    88.8| -143.434|  306.268|     4.5|        3.7|     7.0|    0.7|    0.5|
      3218697767783768320| 87.83167503| -0.17152175|         14.425|    89.1|  112.640|  226.803|     6.6|       11.2|     7.0|    0.9|    1.6|
       411311395692644224| 15.49558571| 54.18217772|         13.151|    90.0| -304.135| -116.383|     2.1|        6.6|     6.4|    0.3|    1.0|
      1792830060723673472|325.66979005| 20.99659169|         13.175|    90.5| -224.667| -649.615|     9.9|        9.1|     6.7|    1.5|    1.4|
      1287312100751643776|217.17827227| 33.17441211|         16.635|    91.2| -346.961| -710.986|     1.2|        8.3|     8.1|    0.1|    1.0|
       395234439752169344|  3.05821931| 50.41997493|         14.236|    92.0| -461.332| -551.667|     4.1|        0.5|     5.8|    0.7|    0.1|
       453562088496088320| 42.14855510| 54.38786114|         15.117|    92.0| -423.546| -385.292|     0.8|        4.6|     7.9|    0.1|    0.6|
      2289304297045379456|291.07452566| 75.55592274|         13.380|    94.1|  369.422|  592.282|     0.5|        4.1|    11.3|    0.0|    0.4|
      2467732906559754496| 27.76952513| -6.11923918|         12.701|    94.7|  545.424| -266.531|     4.4|        4.0|     7.8|    0.6|    0.5|
       788357434914248448|169.87953938| 46.69261028|         13.674|    95.5|  308.054| -608.611|     4.2|        3.3|     6.3|    0.7|    0.5|
      1762523981210977664|311.15756753| 15.29230382|         15.268|    96.2|  303.680| -155.488|     4.7|        6.7|     6.8|    0.7|    1.0|
       327944328126649856| 34.29473704| 35.44121899|         13.689|    96.7|  548.968| -259.605|     2.5|        8.4|     6.3|    0.4|    1.3|
      3421840993510952192| 77.58263150| 27.23104764|         14.926|    97.3| -213.272| -630.810|     1.0|        1.5|     5.3|    0.2|    0.3|
       229155579195699456| 64.97040176| 42.55204269|         15.555|    97.4|  528.665|-1441.614|  2254.0|     2252.3|     6.1|  367.8|  367.6|
      1618010323247026560|217.65033579| 59.72427393|         14.844|   100.3| -808.202|  157.397|     2.7|        3.8|     6.2|    0.4|    0.6|
      3200303384927512960| 70.09847133| -5.50168855|         14.904|   102.6|  334.529|  127.914|    10.0|        8.2|     7.1|    1.4|    1.2|
      4485574134969389312|275.36836652| 14.23247325|         18.678|   107.0|  227.571| -247.229|    14.5|       15.2|     6.9|    2.1|    2.2|
      2571094283835172736| 30.56463582| 10.33595790|         13.435|   108.3| -673.639| -280.585|     6.5|       10.9|     7.0|    0.9|    1.5|
       954697944875755136|103.12722334| 47.17695671|         18.807|   109.8| -117.683|  132.348|    19.8|       18.5|    10.7|    1.8|    1.7|
        74203982469858816| 34.12668629| 13.58495936|         13.556|   109.9|  504.216| -433.143|     3.6|        6.1|     6.1|    0.6|    1.0|
      2794735086363871360|  9.07135464| 18.35341014|         17.521|   114.5|  901.582|  124.354|     1.3|        9.8|     9.2|    0.1|    1.1|
      5761985432616501376|133.39836837| -3.49316443|         15.889|   115.5| -516.605| -199.652|    15.8|       16.4|     5.9|    2.7|    2.8|
      1165479168642900992|232.62556001|  9.43455139|         13.070|   116.0| -178.853|  183.898|     4.3|        8.8|     7.5|    0.6|    1.2|
      3320184202856435840| 89.10409822|  5.35934471|         13.967|   123.2| -444.685| -925.140|     9.2|       10.0|     6.5|    1.4|    1.5|
      2640434056928150400|353.79706944| -2.39279939|         12.624|   139.3|  781.419| -841.516|    19.5|       18.9|     8.8|    2.2|    2.1|
      4339417394313320192|253.89324627| -8.39852302|         13.813|   154.0| -813.038| -870.609|     0.6|        8.3|     5.7|    0.1|    1.5|
      3022956969731332096| 88.79209556| -4.17892709|         14.237|   155.2|  535.249|-2317.011|  3830.3|     3829.5|     5.6|  688.1|  688.0|
       685103912857072640|135.09564332| 21.83206260|         13.413|   157.3| -514.942| -592.253|     8.9|       14.9|    12.5|    0.7|    1.2|
      4293315765165489536|289.23737370|  5.14437332|         14.303|   169.0| -598.761|-1366.063|  1093.3|     1098.4|     7.6|  143.2|  143.8|
