                source_id|          ra|         dec|phot_g_mean_mag|parallax|     pmra|    pmdec|delta_mu|delta_mu_un|pm_error|      F|   F_un|
       722095297945702144|155.28414870| 22.23894939|         14.993|    20.0| -219.106| -144.141|    12.9|       20.0|     8.0|    1.6|    2.5|
      2796911878868892160|  3.92978240| 17.95561204|         15.175|    20.0| -157.320| -191.296|    12.2|       14.6|    15.4|    0.8|    0.9|
       557011735935864576| 87.53402092| 81.51059309|         16.328|    20.0|  327.966| -480.711|     1.6|        9.6|     6.2|    0.3|    1.5|
      2030879447774285440|300.66755295| 31.16134312|         13.144|    20.0| -141.519| -221.798|     1.6|        5.7|     5.5|    0.3|    1.0|
      1533360774158407680|185.45102674| 40.72166351|         15.273|    20.0| -240.948| -238.776|     1.1|        1.7|     5.9|    0.2|    0.3|
        72113570347336448| 34.06794175| 10.21777456|         15.109|    20.0| -150.236| -372.075|     5.6|        3.4|     8.6|    0.6|    0.4|
      2464274319719777920| 26.97766389| -9.46345337|         15.245|    20.0|  159.922| -116.801|    11.0|        9.7|    16.0|    0.7|    0.6|
       859756009169691776|176.95908120| 61.67821784|         15.282|    20.0| -164.585|  125.912|     5.1|        5.2|     6.3|    0.8|    0.8|
      1292394936843533696|227.88659902| 37.31986715|         13.687|    20.0|  137.181| -115.935|     3.5|        2.4|     6.0|    0.6|    0.4|
      1823074567617787776|299.87827772| 19.63221919|         15.088|    20.0|  118.174|  157.457|     2.6|        7.4|     6.2|    0.4|    1.2|
       551152678989564416| 62.94633104| 75.77812325|         16.781|    20.0|  406.279| -212.009|     7.0|        2.4|     5.9|    1.2|    0.4|
      4356442919556951296|242.73680191| -4.83039155|         15.444|    20.0|  173.926| -138.156|     4.1|        8.5|     8.0|    0.5|    1.1|
       653489998622345856|121.47902289| 13.82317643|         16.125|    20.0|  140.468| -123.350|     5.1|        4.9|     5.8|    0.9|    0.8|
       164084797434486016| 62.46908670| 28.91515003|         15.473|    20.0|  106.026| -204.225|     2.9|        6.2|     6.0|    0.5|    1.0|
        20143916309954432| 39.23784775|  8.60822283|         14.781|    20.0|  452.143|  114.542|     1.7|        7.7|     7.5|    0.2|    1.0|
       204206767007059328| 68.45217446| 42.45100500|         14.517|    20.0|  210.999| -196.657|     2.6|        1.9|     5.8|    0.5|    0.3|
      2694138087479247872|327.61673507|  2.42303049|         15.738|    20.0|  114.859| -193.011|     6.3|        8.1|     8.8|    0.7|    0.9|
       824134821727350272|152.41996552| 50.81065124|         15.303|    20.0| -216.743| -347.588|    11.1|        5.4|     6.2|    1.8|    0.9|
      1040834441710746112|130.29638021| 59.60948033|         14.697|    20.0| -148.896| -168.413|     2.7|        7.4|     9.3|    0.3|    0.8|
      2830105069759726336|343.90149851| 17.92165622|         13.094|    20.0|  162.412| -116.601|     6.1|        6.2|     9.1|    0.7|    0.7|
      4527228170908297344|274.14459095| 20.36538748|         14.199|    20.0|  111.016| -136.175|    14.6|       20.0|     5.9|    2.5|    3.4|
       528133681509788928|  3.67694034| 65.78072696|         15.630|    20.0|  888.068|  367.972|     3.7|        9.6|     6.8|    0.6|    1.4|
      1956425674269527168|332.60789128| 40.13447881|         16.207|    20.0|  181.714| -133.529|     1.2|        5.1|     5.8|    0.2|    0.9|
      1047061182215609600|153.06285737| 59.94469452|         14.614|    20.0| -158.662| -204.857|     1.7|        9.3|    19.1|    0.1|    0.5|
      4501249769162586880|267.54155484| 16.25511607|         14.712|    20.0| -173.730| -127.496|     1.5|        5.5|     5.5|    0.3|    1.0|
      3254217387841562368| 63.67825274| -1.16564969|         13.836|    20.0|  189.447| -487.867|     1.8|        5.6|     6.2|    0.3|    0.9|
      1847834950968711936|319.31030344| 27.23303519|         18.151|    20.0|  205.651|  222.107|     9.1|        7.7|     6.1|    1.5|    1.3|
       837513060738684160|162.93995020| 53.14604946|         15.010|    20.1|  124.634| -103.979|     6.0|        5.5|     6.3|    1.0|    0.9|
      1776715270414488832|335.19187342| 17.48954961|         15.554|    20.1| -239.330| -245.573|     1.8|        7.5|     6.0|    0.3|    1.3|
       630576554254944512|140.37163069| 14.87366263|         13.095|    20.1| -285.128| -213.321|     7.4|        4.0|     6.7|    1.1|    0.6|
      3838818026588320640|141.06071118| -1.71944980|         13.100|    20.1| -192.460| -295.778|     2.3|        3.8|     7.2|    0.3|    0.5|
      1721499243872472832|233.81801194| 82.57670317|         15.444|    20.1| -481.669|  162.064|     3.8|       12.7|     5.9|    0.6|    2.2|
      4372000837289249792|265.60808773| -0.19398709|         14.637|    20.1|  107.899| -194.027|     2.8|       10.2|     7.9|    0.4|    1.3|
      3697925270868705280|183.36876708| -0.57838599|         17.394|    20.1| -235.382|  188.550|    10.3|        9.9|     8.3|    1.2|    1.2|
      1895829561238302848|333.48861506| 31.48959466|         13.515|    20.1| -158.997| -159.106|     5.3|        3.8|     6.6|    0.8|    0.6|
      1521779278877419008|191.17029026| 39.78413455|         17.642|    20.1| -261.300| -243.711|     8.3|        4.9|     8.6|    1.0|    0.6|
       609689200582248320|132.23661129| 14.77404618|         13.680|    20.1| -190.831| -191.528|     5.0|        4.6|     5.7|    0.9|    0.8|
      2539647942043292800| 17.81497042|  3.40401236|         13.327|    20.1| -113.132| -109.311|     3.9|       11.3|     8.3|    0.5|    1.4|
      3692785913001924224|196.31617444|  3.81584431|         13.624|    20.1|  193.564| -229.828|    14.1|       16.5|    12.2|    1.2|    1.4|
       333054411497081984| 33.38073268| 40.53753883|         17.201|    20.1|  108.823| -168.095|     0.2|        7.0|     5.8|    0.0|    1.2|
      2206335149615952000|336.17825873| 64.69510981|         17.600|    20.1|  101.632|  114.642|     6.7|        9.6|     6.4|    1.1|    1.5|
       701094728935735168|142.55305602| 32.77997213|         17.978|    20.1| -127.077| -191.749|     1.3|        6.6|     6.5|    0.2|    1.0|
      2278587632086663808|314.53019510| 76.81712206|         13.303|    20.1|  258.938|  345.778|     6.1|        5.6|     7.7|    0.8|    0.7|
       645385842009453568|142.34190657| 24.84233568|         12.986|    20.1|  185.477| -227.806|     7.9|       10.1|     8.2|    1.0|    1.2|
      3317375878362066816| 93.32608338|  4.29502359|         12.866|    20.1| -124.138| -185.796|     6.1|       12.2|     6.0|    1.0|    2.0|
      1026392837514247552|143.68639586| 58.74805942|         16.744|    20.1| -146.066| -399.184|     4.2|        3.3|     7.3|    0.6|    0.5|
      2876919182494551424|  1.77592094| 35.94479395|         14.556|    20.1| -205.922| -101.911|     4.3|        7.9|     8.4|    0.5|    0.9|
      5738803879211852416|138.79892510|-12.58808021|         16.228|    20.1| -124.906|  116.211|     1.6|        2.7|     7.1|    0.2|    0.4|
      3396474706207438464| 86.72683592| 16.98712707|         12.635|    20.1|  175.520| -143.903|     6.2|        6.2|     5.8|    1.1|    1.1|
      4435230899141403776|248.24965531|  4.60734634|         14.558|    20.1| -163.190| -166.759|     2.6|        9.3|     7.0|    0.4|    1.3|
      1915460963393169280|343.56974424| 35.35066298|         16.323|    20.1| -209.048| -139.978|     3.0|        1.7|     8.6|    0.4|    0.2|
      2187548928304290816|309.13558465| 58.29530865|         15.584|    20.1| -170.797| -177.456|    16.9|       17.3|     6.0|    2.8|    2.9|
      1515177845423363712|191.96998815| 34.82866740|         19.240|    20.1|  124.652| -214.820|    21.2|       31.1|    19.7|    1.1|    1.6|
      1995594779581097728|347.58642010| 53.48636289|         12.988|    20.1|  375.583|  177.816|     3.1|        5.7|     5.9|    0.5|    1.0|
      1257710602026720128|209.32656779| 23.87544337|         14.389|    20.1| -333.099| -274.759|    10.1|       11.1|     8.4|    1.2|    1.3|
       475476076789912832| 63.72211542| 62.16274256|         15.508|    20.1|  228.797| -199.840|     3.8|        1.4|     5.9|    0.6|    0.2|
      2810617875424744064|347.59446064| 10.74390542|         15.122|    20.1|  280.147| -139.495|     7.4|        3.4|    15.0|    0.5|    0.2|
      4213786542900150528|293.95436713| -2.93215419|         14.426|    20.1| -103.529| -133.235|     4.0|        5.6|     5.7|    0.7|    1.0|
      3679625686530744064|189.66178121| -6.11463407|         12.649|    20.1| -235.273| -358.673|     6.6|        6.8|     8.2|    0.8|    0.8|
      1324217655210283136|248.05548557| 30.97923724|         14.873|    20.1|  143.215| -155.708|     2.4|        1.4|     6.5|    0.4|    0.2|
      1678654230674407424|198.21762394| 67.08082145|         13.440|    20.1| -426.977|  207.567|    10.6|       13.5|     7.0|    1.5|    1.9|
       630366611957640192|151.91873244| 23.46276848|         14.586|    20.1| -162.884| -144.235|     4.4|        6.7|     7.8|    0.6|    0.9|
       973355553393360640|113.12896872| 43.87403988|         14.096|    20.1| -246.831| -236.436|     4.4|        2.9|     6.2|    0.7|    0.5|
       355752557742984576| 34.80492114| 50.64916349|         13.831|    20.1|  120.194|  104.114|     1.9|        3.2|     6.2|    0.3|    0.5|
      2075183719040956288|300.45971778| 41.30096875|         16.027|    20.1|  150.876|  170.859|     4.1|       13.1|     6.7|    0.6|    2.0|
      3162437991175363072|113.50914513| 12.17062256|         15.856|    20.1|  257.133| -299.581|     5.6|        2.2|     5.8|    1.0|    0.4|
      3942488199125926656|194.96321092| 20.29916295|         13.506|    20.1|  240.823| -483.931|     3.0|        5.0|     5.8|    0.5|    0.9|
       355752557742983808| 34.80803789| 50.65079349|         15.318|    20.1|  118.270|  105.315|     1.4|        2.2|     6.2|    0.2|    0.4|
      1040020803104475520|140.76643980| 62.15485510|         13.934|    20.2|  109.006| -157.238|     2.5|        5.2|     6.3|    0.4|    0.8|
      3708182546125132672|188.34676689|  5.19510184|         15.136|    20.2|  288.307| -237.510|     5.7|       12.0|     8.7|    0.7|    1.4|
      2704745625907935488|340.10617571|  3.68881351|         15.273|    20.2|  151.034| -143.220|     2.9|        2.3|     8.4|    0.3|    0.3|
      2501322540111676928| 36.64581801|  1.07309832|         15.724|    20.2| -176.903| -107.975|    11.2|       21.1|     8.2|    1.4|    2.6|
      3679864727230588672|188.39460565| -5.88188838|         13.985|    20.2| -115.205| -290.310|     5.0|        6.3|    10.2|    0.5|    0.6|
      4416169112725782528|232.83283197| -1.07041810|         16.022|    20.2| -116.443|  133.441|     5.7|        7.3|     7.0|    0.8|    1.0|
       173804686382152064| 69.67621221| 34.74886046|         14.148|    20.2|  246.621| -176.924|     3.8|        1.8|     6.3|    0.6|    0.3|
      2273018468252833792|324.61752999| 72.51153546|         17.170|    20.2|  173.285|  171.425|     5.7|       19.7|     6.6|    0.9|    3.0|
      1276260600140069888|227.96127047| 30.55051116|         16.483|    20.2| -392.572| -262.256|     4.7|        3.7|    11.9|    0.4|    0.3|
      4344030395348380160|244.05635937|-11.04320164|         13.998|    20.2|  123.156| -201.377|     1.8|        5.5|     6.2|    0.3|    0.9|
      1565337325365774080|200.97710886| 55.78624815|         17.861|    20.2| -119.830| -179.573|     4.0|        8.3|     8.2|    0.5|    1.0|
      3915874000483586688|171.73252082| 11.87515782|         12.854|    20.2| -484.298|  192.952|     4.0|        5.1|    11.7|    0.3|    0.4|
       395351022345818752|  2.86724289| 50.81948411|         16.017|    20.2|  166.893| -161.074|     7.5|        7.6|     7.0|    1.1|    1.1|
      4366317564761916160|258.45113591| -4.25029624|         15.003|    20.2| -174.868| -145.695|     4.2|        7.3|     6.8|    0.6|    1.1|
      3928549243543619712|189.28504840| 11.57678089|         16.070|    20.2| -122.669| -230.646|     3.2|        6.1|    10.6|    0.3|    0.6|
      4035007665903537920|179.73568798| 40.35776026|         12.508|    20.2| -355.578| -271.371|     2.4|        1.6|     7.8|    0.3|    0.2|
       682848917587646976|123.53324026| 27.06017541|         13.192|    20.2|  187.849| -100.140|     1.8|        4.7|     5.4|    0.3|    0.9|
      3644291643421235712|211.62726432| -4.79751642|         16.790|    20.2| -246.846| -107.100|     7.4|        4.4|     5.9|    1.3|    0.7|
      2049908901650307456|292.01089854| 35.86533066|         16.397|    20.2| -172.195| -222.696|     7.5|        5.3|     5.5|    1.4|    1.0|
      1396241301826482944|236.39988751| 42.93786963|         17.478|    20.2| -196.332|  223.722|     3.7|        1.3|     6.0|    0.6|    0.2|
      4504644923655901568|282.88725797| 12.70831495|         15.180|    20.2|  270.469| -185.953|     7.5|       14.5|     7.6|    1.0|    1.9|
       214657178351426688| 88.82307592| 51.08269934|         13.696|    20.2|  364.164| -489.355|     1.7|        2.1|     6.3|    0.3|    0.3|
      1139105561185124608|126.23004814| 80.10542517|         17.215|    20.2|  209.680| -302.294|    12.9|       12.9|     5.9|    2.2|    2.2|
      2703946865070044288|337.08281578|  3.06394467|         14.155|    20.2| -259.385| -214.837|     7.4|        1.9|     8.1|    0.9|    0.2|
       908060853512404992|124.94258602| 37.52396812|         15.756|    20.2| -107.842| -103.155|     4.6|        7.1|    11.1|    0.4|    0.6|
      2559974849733367168| 22.92918754|  3.75331222|         12.560|    20.2|  165.177|  150.823|     2.8|        3.7|     7.0|    0.4|    0.5|
      1237166295981084416|222.64800341| 19.43184084|         13.357|    20.2| -359.983| -180.409|     4.2|        4.0|     6.2|    0.7|    0.7|
      2810730506646441984|349.14191249| 11.46833738|         18.039|    20.2| -192.789|  119.988|     5.3|        4.4|     8.8|    0.6|    0.5|
      2159835252389580160|275.54189637| 61.86335913|         18.075|    20.2|  104.583| -149.782|     6.5|        9.3|     7.9|    0.8|    1.2|
      6337396323113806848|224.02687418| -4.50811856|         15.028|    20.2| -325.088| -381.525|     2.1|        3.2|     7.4|    0.3|    0.4|
      2071520558605906944|308.71775410| 46.80709186|         15.242|    20.2| -153.784| -181.355|     1.3|        5.5|     5.8|    0.2|    1.0|
       910087768838947456|128.50031555| 36.98898839|         15.997|    20.2| -140.179| -234.967|     6.4|        8.6|    11.8|    0.5|    0.7|
       495092669898889088| 61.16572848| 71.23350420|         16.675|    20.2|  164.359| -191.246|     2.8|        3.7|     5.9|    0.5|    0.6|
      2703946830710306176|337.07632381|  3.06089162|         14.811|    20.2| -259.142| -214.722|     7.8|        2.2|     8.1|    1.0|    0.3|
       361744174557328256|  9.59509479| 32.77547190|         13.883|    20.2| -174.301| -119.101|     4.9|        4.4|     5.5|    0.9|    0.8|
       118831235296781824| 51.06719419| 27.92243102|         13.614|    20.2|  117.231| -105.272|     1.8|        3.2|     5.5|    0.3|    0.6|
      3246320420451065856| 57.28494278| -4.55351148|         12.569|    20.2| -127.433| -146.769|     7.2|       13.2|    13.4|    0.5|    1.0|
      3708243672099616128|187.98838103|  5.44543803|         15.172|    20.2| -264.282| -706.957|     2.2|        5.8|     9.2|    0.2|    0.6|
      1260447801864369024|213.88179567| 27.43713461|         13.488|    20.2| -233.549|  166.390|     0.8|        5.9|     7.3|    0.1|    0.8|
      1351549383972758144|253.70116222| 37.87976249|         13.345|    20.3|  167.143| -291.885|     3.6|        4.7|     5.5|    0.7|    0.9|
      4337702190532658304|252.32356761| -9.75063706|         13.050|    20.3| -150.471| -224.162|     1.7|        5.8|     6.2|    0.3|    0.9|
      1811922423011016064|307.49805388| 17.16384983|         13.807|    20.3|  108.322|  111.181|     4.0|        7.6|     7.0|    0.6|    1.1|
      2777588168168856320| 15.49001496| 15.53433919|         14.920|    20.3|  144.089|  102.377|    12.3|       13.8|     8.1|    1.5|    1.7|
      4506137407611294720|283.27748653| 12.73777520|         14.736|    20.3| -173.171| -146.150|     2.4|        8.5|     5.2|    0.5|    1.6|
       330242341788122112| 28.50688241| 35.46048563|         14.597|    20.3|  153.150| -141.694|     1.9|        7.0|     6.3|    0.3|    1.1|
      4530568487233001472|275.11593349| 23.82946730|         18.707|    20.3| -169.984| -122.174|     9.6|       12.1|     7.4|    1.3|    1.6|
      6314852177216778624|232.34223155|-11.88518101|         14.205|    20.3|  138.921| -274.869|    19.2|       19.6|     6.8|    2.8|    2.9|
      1055160665901865984|164.69023890| 63.51335582|         15.826|    20.3| -105.894| -279.017|    10.0|       16.1|     7.7|    1.3|    2.1|
      3965304164913347072|168.55139520| 13.61653064|         15.096|    20.3| -271.051|  177.580|     3.5|        2.7|     8.6|    0.4|    0.3|
      2284043752381831296|334.53121440| 77.95381090|         14.480|    20.3|  170.262|  110.170|     3.4|        5.4|     6.8|    0.5|    0.8|
       339902410432713472| 36.07508782| 43.82946960|         14.698|    20.3|  280.408| -155.053|     2.6|        5.9|     6.7|    0.4|    0.9|
      4244415603945361408|303.22163601|  3.52037541|         14.510|    20.3| -248.966| -306.413|     3.5|        1.6|     6.5|    0.5|    0.2|
      1473871358233054720|198.64223054| 35.18899618|         12.895|    20.3|  118.167| -243.010|     2.0|        3.8|     8.0|    0.2|    0.5|
      4313658585693385984|284.95572394| 11.97862193|         15.568|    20.3|  157.954|  172.860|     8.8|        6.5|     8.4|    1.0|    0.8|
       464778206611256448| 42.04336303| 60.52933109|         15.573|    20.3|  150.878| -167.522|     2.5|        4.3|     5.9|    0.4|    0.7|
      1184185675361723776|227.05991582| 15.39307798|         14.045|    20.3| -111.447| -162.673|     2.8|        5.1|     6.9|    0.4|    0.7|
      4366155146278913408|256.23901610| -2.95346276|         16.062|    20.3|  125.241| -491.011|     3.4|        2.4|    12.2|    0.3|    0.2|
      2043008401032753152|288.55525292| 32.18295877|         15.615|    20.3|  112.762| -124.817|     5.2|        8.3|     5.6|    0.9|    1.5|
      1388737444204396672|228.97789825| 39.37285904|         13.865|    20.3| -395.854| -281.949|     2.5|        4.6|     6.4|    0.4|    0.7|
       411962856336352000| 17.04579130| 56.28353796|         14.530|    20.3|  179.617| -242.795|     3.2|        3.3|     5.9|    0.6|    0.6|
      3391357647810098560| 76.51872844| 12.82317785|         16.715|    20.3|  138.877|  137.031|     1.7|        9.1|     6.8|    0.2|    1.3|
       566243132482562688| 21.86454657| 81.94907076|         13.573|    20.3|  324.340| -129.417|     3.0|        0.9|     7.1|    0.4|    0.1|
      1022217510827580672|147.27560805| 56.47738260|         12.757|    20.3| -111.537| -100.439|     5.1|        4.0|     7.2|    0.7|    0.6|
      3954344851482963328|192.31546658| 20.70471862|         14.008|    20.3|  202.079| -146.388|    33.0|       26.2|    10.6|    3.1|    2.5|
      1534625388620998656|186.79777039| 40.66270087|         16.101|    20.3|  232.427| -105.883|     2.4|        7.4|     6.5|    0.4|    1.1|
      4338051079315231872|251.46022476| -8.85203613|         13.226|    20.3| -191.837| -182.782|     1.8|        5.3|     7.3|    0.2|    0.7|
      2183769047851717248|310.92835951| 55.16240202|         13.023|    20.3| -137.022| -133.936|     2.8|        1.2|     6.0|    0.5|    0.2|
      4575204776671976832|258.69866130| 28.09361212|         14.208|    20.3|  269.022| -132.246|     3.9|        4.6|     6.0|    0.7|    0.8|
       857627148499656064|170.57669560| 59.21704967|         15.457|    20.3|  327.454| -376.131|     5.1|        4.4|     7.4|    0.7|    0.6|
       918044247294118656|127.53872056| 45.34124204|         15.062|    20.3| -100.924| -114.272|     9.9|       11.1|     7.9|    1.3|    1.4|
      4246449185056540928|306.79427720|  5.66524443|         18.581|    20.3|  110.626|  166.316|    10.1|        6.5|     9.4|    1.1|    0.7|
       869667831617332608|110.20728203| 24.00615042|         17.871|    20.3| -155.704| -140.036|     1.4|        4.1|     9.0|    0.1|    0.5|
      2548021513363830656|  4.11852330|  1.87896772|         14.119|    20.3|  183.322| -107.733|    11.0|       15.0|    11.7|    0.9|    1.3|
      3669338896259042944|215.05245822|  3.99758224|         15.303|    20.3| -220.668| -110.732|     3.2|        9.9|     8.0|    0.4|    1.2|
      4391977279936719360|256.45393393|  4.95711097|         13.209|    20.3| -144.441|  136.695|     1.5|        4.6|     6.4|    0.2|    0.7|
      3910941183300120064|174.10126866|  8.03878095|         12.839|    20.3| -191.079| -118.330|     4.4|        6.2|    12.4|    0.4|    0.5|
      1916983958796151168|350.18496053| 38.57833561|         14.245|    20.4|  451.836|  128.450|     2.6|       10.5|     5.8|    0.4|    1.8|
      1883822619383770496|342.99899607| 27.36800928|         13.329|    20.4|  249.499| -148.573|     4.0|        8.4|     5.6|    0.7|    1.5|
       780800010459349376|159.18172828| 43.05038493|         13.723|    20.4| -142.094| -267.994|     6.0|       12.2|     7.9|    0.8|    1.5|
      4011353223713622528|189.35982691| 29.87804189|         16.547|    20.4| -156.452| -102.041|    13.0|       14.7|    14.8|    0.9|    1.0|
      2066441330273174144|309.97157992| 42.34334966|         14.365|    20.4|  374.449|  142.706|     1.9|        2.7|     6.2|    0.3|    0.4|
      2844710260669601792|350.02931817| 26.88512539|         14.715|    20.4| -102.555| -168.838|     2.3|        2.7|     6.3|    0.4|    0.4|
      1907742804084073856|338.03235802| 37.90364530|         17.010|    20.4|  182.167|  104.128|     4.6|        2.6|     6.4|    0.7|    0.4|
       343500321715202816| 26.46969249| 38.16747894|         13.496|    20.4|  116.661| -103.776|     3.1|        6.6|     5.4|    0.6|    1.2|
      1458201015436443648|207.33588716| 32.39232826|         17.622|    20.4| -244.455| -158.856|    10.4|       16.6|     8.1|    1.3|    2.0|
       329910907751707264| 29.28410995| 34.56198404|         14.285|    20.4|  426.940| -145.243|     5.1|        1.5|     7.4|    0.7|    0.2|
      2086531812902590464|297.69803458| 48.27344031|         14.081|    20.4| -150.154| -265.086|     1.0|        2.4|     7.0|    0.1|    0.3|
       730560777270638464|163.82561884| 27.69840553|         18.358|    20.4| -164.439| -108.652|     7.3|       10.2|     6.3|    1.2|    1.6|
      3939548723508478720|198.16309458| 18.59917411|         16.877|    20.4| -170.298| -125.355|     4.9|        8.4|    12.2|    0.4|    0.7|
      1550602907481860480|199.80435086| 45.08656271|         14.114|    20.4| -448.943|  113.930|     7.4|        4.8|     8.0|    0.9|    0.6|
      1492697265043784576|215.96804702| 43.05707952|         14.742|    20.4| -238.566|  173.336|     2.5|        0.9|     6.1|    0.4|    0.1|
      2066441502071859456|310.02104089| 42.35258811|         15.845|    20.4|  374.595|  142.770|     2.3|        2.8|     6.3|    0.4|    0.4|
       226707379116417280| 59.84251184| 39.06196351|         16.305|    20.4|  179.010| -138.084|     3.2|        5.5|     5.9|    0.5|    0.9|
      2746388701097869440|358.24775902|  7.01732138|         14.738|    20.4|  333.563| -115.413|    47.5|       26.5|    12.0|    4.0|    2.2|
      2028107269725807232|295.84856327| 27.20194286|         17.151|    20.4|  158.662|  179.429|     2.4|        7.8|     6.6|    0.4|    1.2|
      2131924905633445504|285.64446696| 48.79836275|         14.228|    20.4|  200.613|  306.659|     6.3|        5.0|     6.5|    1.0|    0.8|
       239743188975393792| 49.56311596| 42.81141819|         12.933|    20.4|  198.004| -166.354|     2.7|        3.3|     6.3|    0.4|    0.5|
       435594556668606464| 50.21271051| 48.54861780|         14.765|    20.4|  124.096| -141.869|     3.8|        3.7|     6.7|    0.6|    0.5|
      2795445095997674752|  9.44938298| 19.75557316|         13.349|    20.4| -110.552| -182.672|     2.4|        8.0|     6.4|    0.4|    1.2|
      5177889980806893440| 40.95240546| -6.79834635|         13.005|    20.4| -167.560| -141.183|     4.9|        7.4|    12.2|    0.4|    0.6|
      1705207814442790272|261.11446882| 77.40177689|         15.963|    20.4| -157.384|  229.807|     1.1|        5.3|     6.0|    0.2|    0.9|
       928172295574175360|123.29685562| 43.74465679|         12.749|    20.4|  129.153| -221.574|    15.0|       10.4|     6.2|    2.4|    1.7|
      3090745297557742464|123.22812594|  2.00257272|         16.192|    20.4| -151.824| -178.844|     1.5|        6.6|     6.8|    0.2|    1.0|
      4171543237429092992|268.32459874| -7.79246937|         13.545|    20.4| -180.946| -116.467|     2.6|        2.8|     5.8|    0.4|    0.5|
      1762156744327634944|310.63556754| 14.06276931|         16.510|    20.4|  237.651| -139.272|     3.5|        6.6|     5.5|    0.6|    1.2|
      2501015742007753088| 34.39289525|  0.13278457|         14.490|    20.4| -227.540| -151.490|     9.4|       15.2|     9.8|    1.0|    1.5|
      2158436334297786112|272.92652752| 59.75892244|         13.261|    20.4| -209.269|  417.091|     2.2|        8.5|     6.2|    0.4|    1.4|
      1255499552862787328|215.34685308| 24.33370497|         13.772|    20.4| -124.116| -153.627|     6.3|       15.4|    14.1|    0.4|    1.1|
      2985023131378768768| 81.09679747|-14.07856874|         13.710|    20.4|  162.336| -236.410|     4.9|        5.9|     6.4|    0.8|    0.9|
      4149978790761302016|267.73192423|-12.50692413|         12.637|    20.4| -224.643| -251.981|    24.3|        4.6|     5.4|    4.5|    0.9|
      2580730575539752192| 14.79580996|  8.16122286|         15.993|    20.4|  259.273| -137.489|     5.1|        5.6|     6.7|    0.8|    0.8|
       373306604475963008| 19.10567500| 42.27324384|         14.489|    20.4|  162.269| -114.354|     1.3|        8.4|     5.9|    0.2|    1.4|
      3138674280724463488|115.86927768|  6.08364350|         16.107|    20.4| -292.297|  242.753|     7.1|        0.9|     9.0|    0.8|    0.1|
       678820100826341376|128.26243740| 25.19647056|         16.300|    20.4|  218.089| -119.693|    10.3|        8.3|     6.9|    1.5|    1.2|
       757398997110506624|170.42348555| 32.76862719|         17.606|    20.5|  147.677| -255.260|     3.4|        2.3|     5.9|    0.6|    0.4|
      1057493344243943168|173.78312576| 66.89155686|         12.551|    20.5|  139.617| -104.039|     5.7|        3.1|     8.6|    0.7|    0.4|
      2117364283603705984|280.98847112| 44.43948904|         13.489|    20.5|  102.087| -110.091|     3.3|        2.6|     6.1|    0.5|    0.4|
      2239931998710265344|288.69628940| 61.24141206|         16.354|    20.5|  156.358|  169.490|     4.4|        4.9|     7.2|    0.6|    0.7|
      2018614842229763200|294.08557640| 22.44234257|         14.839|    20.5| -286.667| -170.017|     7.2|        6.6|     5.3|    1.4|    1.3|
       903686755739618816|128.90243600| 35.28083961|         16.163|    20.5| -157.532| -310.523|     2.6|       14.1|     5.5|    0.5|    2.5|
       241404825925328000| 51.16623705| 43.98383550|         13.883|    20.5|  251.194| -281.686|     1.8|        2.9|     6.2|    0.3|    0.5|
      1455779375433603712|206.56745373| 31.15548952|         12.641|    20.5| -291.362| -258.802|     0.6|        8.7|     5.9|    0.1|    1.5|
      1354687527597336192|254.68304186| 41.70337572|         17.685|    20.5| -174.319|  179.977|     2.2|        0.7|     5.7|    0.4|    0.1|
      2779442009197271936| 10.71784971| 14.28171218|         15.079|    20.5|  165.792| -111.975|     3.4|        5.3|    10.3|    0.3|    0.5|
       604326641854470016|137.10877321| 12.61311700|         15.443|    20.5| -117.427| -167.194|     3.8|        7.1|     7.6|    0.5|    0.9|
      3405746170504929664| 74.79948134| 17.38176547|         15.810|    20.5|  108.587| -131.225|     7.1|       13.7|     8.9|    0.8|    1.5|
       903686790099356672|128.90574052| 35.28276000|         14.155|    20.5| -155.498| -307.524|     2.9|       12.8|     5.5|    0.5|    2.3|
      4436040758174838912|250.38177669|  7.05156705|         14.679|    20.5| -189.892| -185.503|     1.6|        7.1|     7.5|    0.2|    0.9|
       982763524633715456|114.94831470| 51.79921451|         15.623|    20.5| -101.631| -258.613|     0.4|        4.8|     6.2|    0.1|    0.8|
      5728341201441515520|123.39128891|-10.81732704|         15.192|    20.5| -124.310| -147.154|     7.2|        2.8|     5.7|    1.3|    0.5|
       822053514934935808|150.90366799| 45.98465187|         16.663|    20.5| -170.223| -395.103|     2.3|        8.0|     6.9|    0.3|    1.2|
       864730440292919936|112.91257152| 19.97494188|         15.932|    20.5|  135.631| -164.091|    12.3|       17.0|     5.4|    2.3|    3.1|
       733294785947067776|164.37781132| 30.14049287|         15.104|    20.5|  133.507| -230.506|     3.2|        4.9|    13.3|    0.2|    0.4|
       214657384508131840| 88.81592852| 51.08724098|         18.519|    20.5|  362.806| -489.881|     2.8|        3.0|     6.5|    0.4|    0.5|
      4418807871912931712|229.63745697| -0.17720661|         16.403|    20.5|  106.014| -122.202|     2.4|        3.1|     9.3|    0.3|    0.3|
       964553967106717952|101.19048155| 44.91276627|         16.080|    20.5|  142.869| -240.343|     5.8|        7.2|     5.8|    1.0|    1.2|
       625979324340135424|154.81669748| 21.70907686|         12.872|    20.5| -284.387| -314.389|     0.9|        1.2|     7.4|    0.1|    0.2|
      1395453501745301888|229.83146786| 45.61648942|         14.376|    20.5| -151.363| -206.719|     8.5|        8.3|     5.9|    1.4|    1.4|
      3103772998522313856| 99.96884190| -4.86470992|         13.790|    20.5| -221.254|  112.880|     3.0|        4.6|     5.6|    0.5|    0.8|
       748313251494099072|159.90750320| 32.46106437|         13.612|    20.5|  114.233| -162.007|    13.7|       17.2|     6.3|    2.2|    2.7|
       701845248700929920|138.29854905| 33.12871601|         14.753|    20.5| -117.994| -472.726|     3.7|        2.4|     5.5|    0.7|    0.4|
        72113570347479424| 34.06713718| 10.21816704|         13.156|    20.5| -150.820| -374.276|     4.6|        2.0|     8.6|    0.5|    0.2|
      3853371372944578560|146.36186456|  6.88859971|         13.777|    20.5|  211.963| -175.098|     3.4|        3.2|     7.2|    0.5|    0.4|
       707737016118057472|128.00254416| 29.46509297|         16.248|    20.5| -194.962| -138.867|    59.1|       56.9|     5.9|   10.1|    9.7|
      1763316656077435136|315.86386815| 15.47887868|         17.825|    20.5| -120.369| -141.230|     6.9|        2.8|     6.6|    1.0|    0.4|
      4279760745258068352|280.30330805|  2.28237595|         14.437|    20.5| -148.883| -166.179|     2.2|        7.9|     6.1|    0.4|    1.3|
       548423278811480960| 40.38327178| 74.71387597|         15.929|    20.5|  151.045| -293.894|     9.5|       12.8|    11.9|    0.8|    1.1|
      3950013424209723392|181.66266829| 18.01982673|         18.336|    20.5| -256.372|  213.402|    17.7|        9.2|    12.3|    1.4|    0.7|
       925207771708133632|115.09936131| 44.12488078|         13.004|    20.5| -128.393| -187.996|     4.1|        1.6|     5.7|    0.7|    0.3|
         1013169900890624| 46.35758730|  2.78901951|         13.889|    20.6|  200.014| -134.160|     7.0|        9.6|     8.0|    0.9|    1.2|
      3952487673264646272|187.24454392| 21.13507432|         14.186|    20.6| -255.951| -169.545|     8.2|        3.4|     7.8|    1.0|    0.4|
      4334338887543047168|254.42354823|-10.85488029|         14.126|    20.6| -134.674| -436.477|     1.3|        9.7|     5.7|    0.2|    1.7|
       232757991605432704| 65.52725961| 45.33251497|         14.018|    20.6|  142.939| -213.831|     0.9|        1.0|     5.8|    0.2|    0.2|
      2143182568968417792|289.86278151| 57.96843865|         14.587|    20.6|  272.850|  325.614|     2.3|        3.8|     7.0|    0.3|    0.5|
       242515538829530368| 49.39680516| 45.47717763|         16.896|    20.6|  349.799| -166.309|     7.2|        3.4|     6.4|    1.1|    0.5|
      4563931140354154368|249.74848797| 20.17875621|         15.999|    20.6| -235.541| -637.505|     1.5|        3.8|     5.5|    0.3|    0.7|
       779465581299988352|159.75447343| 40.37256350|         12.763|    20.6|  119.680| -318.202|     6.0|        7.2|     7.7|    0.8|    0.9|
       952195559489364352|103.72937254| 43.51043632|         14.220|    20.6| -249.608| -707.544|     3.1|        3.0|     5.7|    0.6|    0.5|
      3690472300019032320|193.48702045|  1.09516141|         13.215|    20.6| -311.808|  343.977|    16.1|       11.5|    15.1|    1.1|    0.8|
      2630367065902898304|349.32638694| -8.13925405|         15.378|    20.6|  174.310| -133.795|     6.6|        4.2|    11.5|    0.6|    0.4|
      2277368033172816000|320.17149579| 75.39262752|         14.052|    20.6|  100.846|  222.102|    11.3|       10.8|     7.0|    1.6|    1.5|
       308043476900592128| 16.97498836| 28.18117511|         16.148|    20.6|  213.949| -324.676|     4.3|        1.1|     5.5|    0.8|    0.2|
      1535001112359221888|186.23073394| 42.22490502|         13.567|    20.6| -350.524| -131.638|     7.0|        7.8|     9.9|    0.7|    0.8|
      3726851806887396096|208.29649289| 10.64757461|         13.629|    20.6| -172.402|  140.091|    12.8|       17.4|     8.4|    1.5|    2.1|
      3395412307392048384| 79.54708320| 18.53130552|         15.831|    20.6|  139.700| -334.697|     3.4|        3.3|     5.4|    0.6|    0.6|
       233784901107759360| 64.13284842| 46.10952540|         14.597|    20.6| -172.238| -108.370|     6.4|        5.7|     6.2|    1.0|    0.9|
       622500499614914048|153.16755165| 17.20890669|         15.229|    20.6| -112.226| -147.994|     5.5|        6.6|     6.6|    0.8|    1.0|
      1001658223937283200|102.13070561| 58.74209656|         13.786|    20.6| -168.458| -214.775|     4.0|        8.7|     5.8|    0.7|    1.5|
      2051336342616652928|289.52693159| 38.03905394|         16.160|    20.6|  126.647|  135.878|     6.0|        4.1|     5.7|    1.1|    0.7|
       624606682856564608|155.47929854| 19.14665390|         12.813|    20.6|  186.531| -111.666|     2.6|        4.1|     5.4|    0.5|    0.8|
       512644208379327744| 20.65319656| 63.34666716|         13.703|    20.6|  341.412|  169.938|     3.1|        3.4|     5.9|    0.5|    0.6|
      3409571199660856576| 70.08255122| 18.38863291|         13.785|    20.6|  489.735| -226.019|     2.2|        5.0|     6.7|    0.3|    0.7|
       368617286179206528|  9.62247391| 39.20398880|         13.680|    20.6|  179.155| -144.519|     6.1|        6.6|     6.7|    0.9|    1.0|
       560547112494922880| 21.29956824| 77.25983112|         16.860|    20.6|  284.469| -148.126|     2.1|        3.1|     6.3|    0.3|    0.5|
       777347921904919936|166.07267769| 40.96684670|         13.563|    20.7| -324.499| -229.775|     5.3|       10.3|    10.0|    0.5|    1.0|
      2635921248890759040|345.68293476| -4.80234977|         13.950|    20.7|  179.370| -154.824|     0.9|       10.4|     6.4|    0.1|    1.6|
        86276585783263360| 38.58543482| 18.94309792|         14.990|    20.7|  147.065| -212.934|     1.7|        5.1|     6.5|    0.3|    0.8|
      2710311869163852416|336.60770039|  7.51413379|         15.062|    20.7|  209.698|  103.386|     4.8|        8.0|     7.8|    0.6|    1.0|
      3992853115941721600|170.70411453| 23.71828241|         13.958|    20.7| -283.004|  110.673|    14.6|       16.1|     6.3|    2.3|    2.6|
      4098562397221253504|280.49808827|-18.68431595|         14.662|    20.7| -164.160| -152.459|     5.6|       10.8|     5.5|    1.0|    2.0|
      1403942246907598720|240.69063377| 52.04855461|         15.991|    20.7| -121.878|  107.689|     2.9|       10.8|     5.6|    0.5|    1.9|
      6312941226007390720|223.54840100|-12.94857363|         14.144|    20.7|  103.056| -134.042|     4.5|        6.8|     5.8|    0.8|    1.2|
       206744199324568704| 76.35610209| 45.86718177|         13.470|    20.7| -100.487| -218.520|    11.6|        9.5|     6.2|    1.9|    1.5|
      3113367401408213888|103.34348017|  0.21738955|         15.006|    20.7| -119.125| -203.174|    16.7|       16.8|     9.2|    1.8|    1.8|
      3649019783938896640|220.90968992| -1.53242357|         13.040|    20.7| -372.747| -279.324|     4.3|        2.7|     6.8|    0.6|    0.4|
      1534065393605348864|189.81889694| 40.67322847|         14.235|    20.7| -154.484| -185.157|     8.6|        7.0|    11.1|    0.8|    0.6|
      1891963094236655360|331.96777306| 26.41859543|         13.892|    20.7|  142.551| -176.754|     2.2|        6.0|     6.4|    0.3|    0.9|
      1493461356905015680|218.49629978| 44.29831709|         14.326|    20.7| -164.184|  376.446|    14.5|       22.8|     5.6|    2.6|    4.1|
      3900280009319394816|186.05939468|  5.61738313|         16.515|    20.7| -157.009| -199.274|    13.7|       10.7|     6.9|    2.0|    1.6|
      4515312041867261184|289.59598876| 18.65608141|         13.466|    20.7| -270.362| -247.271|     4.1|        3.9|     5.2|    0.8|    0.8|
       260448779633971712| 69.80906542| 51.25425066|         14.692|    20.7|  270.990| -164.966|     3.8|        2.0|     6.2|    0.6|    0.3|
      2165379441008724352|317.41461148| 48.62009713|         16.500|    20.7| -120.015| -167.205|     2.8|        4.1|     6.5|    0.4|    0.6|
        10147878144789504| 49.24609159|  6.30197200|         17.154|    20.7|  182.697| -112.378|     9.1|       15.0|    21.4|    0.4|    0.7|
      3198704695022165504| 65.88301358| -8.05697644|         13.457|    20.7|  128.312|  110.340|    10.5|        3.6|     7.1|    1.5|    0.5|
      1736485175041680000|314.54593936|  6.07623207|         15.172|    20.7| -113.446| -208.842|     3.9|        6.6|    10.0|    0.4|    0.7|
      3998884521335608192|169.34454412| 28.75852814|         15.969|    20.7|  173.932| -267.065|     2.1|        4.3|     6.4|    0.3|    0.7|
      3381043614561378176|105.39913237| 25.36126847|         18.796|    20.7| -118.319|  133.244|     3.2|        6.4|     7.6|    0.4|    0.8|
      2223125551165647488|331.22855841| 68.43313581|         16.006|    20.7|  155.805|  130.478|     3.4|        2.6|     6.6|    0.5|    0.4|
      4542147615985756800|262.15141193| 13.55410477|         13.426|    20.7| -114.623| -119.057|     3.4|       10.0|     6.9|    0.5|    1.5|
      3972541665843446144|173.40388558| 15.74198520|         14.246|    20.7| -287.066| -342.930|     5.3|       11.6|    10.3|    0.5|    1.1|
        10147740705836800| 49.23561041|  6.28364127|         17.207|    20.7|  182.229| -111.278|     4.5|        9.7|    21.3|    0.2|    0.5|
      4035043816641318272|179.07053668| 40.46474573|         12.826|    20.7| -368.440|  106.390|     1.2|        9.9|     7.3|    0.2|    1.4|
      1493461352609320448|218.49593925| 44.29883739|         12.786|    20.7| -171.517|  372.787|     8.4|       15.4|     5.6|    1.5|    2.8|
      4441111808881258112|253.16283185|  7.13884241|         16.392|    20.8| -133.596| -281.029|     5.3|        2.2|     7.5|    0.7|    0.3|
      3133670712546995968| 99.36835585|  6.83011026|         16.569|    20.8| -227.742| -255.457|     1.3|        4.1|     7.1|    0.2|    0.6|
       578422663299968512|135.67238375|  3.93087084|         14.601|    20.8| -224.585| -180.975|     4.8|        3.4|     6.6|    0.7|    0.5|
       216317475269730816| 57.04681685| 30.90287175|         14.329|    20.8| -187.817| -177.378|     2.9|        6.1|     5.6|    0.5|    1.1|
      2783900872445921536| 18.24492456| 16.55517232|         15.250|    20.8|  296.122| -112.390|     4.0|        9.7|     5.9|    0.7|    1.6|
      1421760279512055808|266.76736604| 57.22672360|         13.734|    20.8|  135.168|  441.515|     2.6|        6.1|     6.0|    0.4|    1.0|
      5184059924665702272| 41.53940221| -5.53938948|         15.676|    20.8|  219.583| -221.287|     5.3|        2.3|     9.0|    0.6|    0.3|
      3161673624435128832|113.07438768| 10.36931174|         14.607|    20.8|  119.675| -376.684|     2.2|        1.6|     6.6|    0.3|    0.2|
      2876595273240771840|  4.60224722| 36.47169019|         16.127|    20.8|  174.359| -206.197|     4.8|        3.3|     7.4|    0.6|    0.5|
      4423184031270272896|237.46942385|  1.85296736|         18.489|    20.8| -260.584| -387.537|     6.1|        5.6|     7.2|    0.8|    0.8|
      1442302730131223552|200.97146116| 21.14896850|         13.124|    20.8| -285.204| -153.764|     3.9|        3.9|     8.9|    0.4|    0.4|
      2774631650121347072| 10.57473005| 11.18221740|         14.259|    20.8| -112.047| -189.081|     0.6|       10.2|     6.7|    0.1|    1.5|
       536292538825409536|  8.37339111| 70.91115000|         14.056|    20.8| -235.653| -135.351|     4.3|        3.4|     6.7|    0.6|    0.5|
       372333674124032256| 21.69706559| 41.82928657|         13.478|    20.8|  285.770| -171.384|     0.6|        4.6|     6.3|    0.1|    0.7|
       941032389732335616|103.53603505| 37.34609501|         13.477|    20.8|  164.564| -102.352|     6.3|        7.4|     6.9|    0.9|    1.1|
      1247141958821699456|211.85344382| 20.87153563|         16.305|    20.8| -101.438| -229.016|     2.9|        3.7|     6.0|    0.5|    0.6|
      1195687151104287488|233.58452428| 16.71146096|         15.417|    20.8| -283.887| -203.636|     2.8|       11.0|     7.0|    0.4|    1.6|
      2686444048705779584|324.12166617| -1.79970771|         12.713|    20.8|  172.119| -115.182|     1.1|        9.7|     7.0|    0.2|    1.4|
      3635875878343129088|197.90399924| -4.65449794|         15.776|    20.8| -114.932| -190.917|     5.9|       11.1|     9.0|    0.6|    1.2|
      1451332709892733312|207.30768974| 26.62994888|         14.251|    20.8| -444.357|  142.695|    11.8|       12.6|    10.3|    1.1|    1.2|
       816515927701163520|136.81653143| 41.93557506|         12.711|    20.8| -166.810| -227.085|    11.3|       15.7|     9.3|    1.2|    1.7|
        57833147687987200| 51.18212379| 19.88221390|         13.085|    20.8|  461.725| -240.460|     3.0|        9.1|     5.7|    0.5|    1.6|
       839402021716273536|170.71627919| 51.98780513|         13.604|    20.8|  118.948| -143.385|    12.5|       11.1|     7.9|    1.6|    1.4|
       604221775933073792|137.50905104| 11.76525347|         15.225|    20.8| -206.869| -294.034|     9.8|       11.6|     8.3|    1.2|    1.4|
      2005531203608333696|330.38727935| 53.86214994|         13.589|    20.8| -267.003| -284.376|     2.0|        3.7|     8.2|    0.2|    0.4|
       911530465532957568|129.57084218| 39.68092010|         13.232|    20.8|  147.691|  106.162|     1.8|        7.9|     6.0|    0.3|    1.3|
       812693131930833536|139.48690407| 39.97467439|         14.655|    20.8| -175.378| -175.154|     4.6|        5.3|     5.5|    0.8|    1.0|
      3393932261661844736| 79.33534480| 16.34813552|         15.202|    20.9|  274.599| -156.114|     2.8|        6.1|     5.4|    0.5|    1.1|
        46994986693280640| 62.32291192| 18.56467845|         15.417|    20.9|  155.486| -112.748|    60.0|       60.5|    10.6|    5.6|    5.7|
      1883722873061272832|341.27859016| 26.67463437|         13.347|    20.9|  330.865|  154.719|     3.5|        1.1|     5.9|    0.6|    0.2|
      1974421278005787136|328.20229063| 46.22060405|         13.964|    20.9|  160.409|  149.702|     4.3|        3.8|     6.5|    0.7|    0.6|
      4220552112817598848|302.50602064| -5.11854402|         13.205|    20.9| -136.877| -123.655|     1.9|        1.3|     6.2|    0.3|    0.2|
        46994986693280512| 62.32362671| 18.56519104|         15.744|    20.9|  153.187| -112.078|   129.4|      129.4|    10.6|   12.2|   12.2|
      1966444561663778304|325.07506399| 41.13439970|         13.176|    20.9| -121.413| -120.445|     2.6|        2.9|     6.7|    0.4|    0.4|
       321895742862215552| 19.78596816| 37.72027870|         17.430|    20.9|  362.396| -285.798|     5.0|        3.0|     7.4|    0.7|    0.4|
      4338543248206587776|248.99062218| -9.18879597|         14.563|    20.9| -167.915| -253.173|     1.2|        1.5|     6.8|    0.2|    0.2|
       910930441421971200|127.62232016| 37.79922484|         13.919|    20.9| -223.495| -289.604|     2.6|        7.2|     6.7|    0.4|    1.1|
      3873341665201303168|152.23919250|  6.25214798|         15.321|    20.9| -185.083| -322.973|     8.7|       11.9|    12.5|    0.7|    1.0|
      1489063619631578496|223.72753548| 41.14736422|         13.260|    20.9| -235.933|  136.372|     3.2|        8.5|     8.7|    0.4|    1.0|
      1880317479391560192|337.97409790| 25.45288243|         15.897|    20.9|  192.256| -258.978|     5.0|        2.0|     7.4|    0.7|    0.3|
        41251790785624576| 55.71684008| 14.20991477|         13.927|    20.9|  100.436| -173.444|     4.9|        1.6|     5.5|    0.9|    0.3|
        52627853482094080| 64.00366611| 22.41626924|         13.234|    20.9|  287.697| -114.819|     6.1|        8.7|     5.9|    1.0|    1.5|
       347237080703084416| 25.73616335| 40.76434299|         12.790|    20.9|  219.945| -237.984|     4.1|        8.8|     5.8|    0.7|    1.5|
      4085796036435977600|285.97416253|-18.86507878|         12.957|    20.9| -278.574| -313.194|     4.8|        4.5|     5.5|    0.9|    0.8|
       519817044275988352| 28.12206334| 67.76600066|         16.381|    20.9|  119.039|  109.514|     5.1|       10.0|     6.7|    0.8|    1.5|
        46456122917536128| 60.02904840| 16.66744590|         15.083|    20.9|  159.408| -120.539|     2.9|        6.3|     6.8|    0.4|    0.9|
      3886440422100617344|159.82872415| 15.97926684|         14.491|    20.9|  221.515| -129.207|     6.4|        4.4|     7.3|    0.9|    0.6|
      3797258651719220864|173.63607316| -0.30935243|         16.882|    20.9| -601.225| -158.757|    20.4|       16.7|    17.1|    1.2|    1.0|
       540105438988356224|  5.32578683| 76.87562838|         17.100|    20.9| -197.182| -159.724|    10.5|       12.6|     6.8|    1.5|    1.9|
      1101160590276243328|109.60496635| 64.07285296|         13.566|    20.9| -127.005| -446.455|     5.5|        8.0|     5.9|    0.9|    1.4|
      2842506770647690752|347.98148380| 24.46700340|         15.422|    20.9|  222.954| -104.177|     2.7|        1.6|     6.4|    0.4|    0.3|
      2166146728314441856|318.77745066| 50.51574728|         15.392|    20.9| -180.863| -182.557|     3.4|        4.7|     5.8|    0.6|    0.8|
      5176131140159360512| 34.25783482| -9.47631845|         13.960|    20.9|  377.958| -243.724|    16.0|       14.9|     7.1|    2.3|    2.1|
       551479749339142784| 64.30432365| 77.15498920|         15.019|    20.9|  196.738| -380.619|     3.6|        1.1|     6.9|    0.5|    0.2|
       765334108103838976|168.05985966| 39.63754219|         16.936|    20.9| -166.182| -291.093|     6.2|        4.6|     8.7|    0.7|    0.5|
       579538770681760256|140.04565877|  5.17418198|         14.237|    20.9| -233.920|  162.119|     7.6|        9.6|     8.1|    0.9|    1.2|
      3970937375299497344|170.29721388| 17.39581094|         14.493|    20.9| -216.683|  143.639|    24.2|       28.1|    21.9|    1.1|    1.3|
       850884943198349312|163.47794137| 56.27090509|         15.965|    20.9| -237.489| -145.797|    13.3|       18.8|     6.1|    2.2|    3.1|
      3153558644508231680|108.50785162|  7.71997822|         13.197|    20.9|  150.738| -207.772|     2.2|        4.5|     6.2|    0.4|    0.7|
       756296775358865664|158.21262704| 40.59424464|         15.936|    20.9| -288.721| -161.041|     8.0|       12.3|    11.7|    0.7|    1.0|
      3050834159347403136|105.02878573| -8.23321098|         14.452|    20.9| -218.163|  234.733|     2.6|       10.0|     5.6|    0.5|    1.8|
      4226803519314043008|312.85950883| -1.24526942|         16.636|    20.9|  139.019| -188.706|     4.0|        7.4|     6.3|    0.6|    1.2|
      2670581600609778560|328.85714859| -2.87066101|         16.110|    21.0|  217.403|  174.355|     2.6|        7.1|     6.6|    0.4|    1.1|
      3378367918658192768|102.32337346| 21.67414959|         15.141|    21.0|  156.049| -111.699|     3.9|        3.5|     5.5|    0.7|    0.6|
       508273374779039744| 29.22664089| 61.54312363|         14.111|    21.0|  107.105| -113.838|     2.2|        1.5|     6.4|    0.3|    0.2|
       208795888023931904| 80.00153533| 45.77442600|         13.591|    21.0|  225.038| -238.408|     5.1|        4.5|     5.9|    0.9|    0.8|
      3275438649449898624| 52.99490165|  4.72710496|         12.963|    21.0|  196.251| -163.548|     7.6|       19.7|     7.5|    1.0|    2.6|
      1896148861987219968|328.99411976| 28.39168851|         18.530|    21.0|  133.748| -108.059|     4.7|       10.2|     7.3|    0.7|    1.4|
        74008612997555840| 34.61537445| 13.60961043|         15.338|    21.0|  141.989| -203.689|     4.6|        7.1|     6.0|    0.8|    1.2|
       507836387628007040| 30.12727877| 59.65233014|         13.532|    21.0| -151.739| -113.567|     7.5|        9.1|     7.6|    1.0|    1.2|
       804217718351501440|154.31791103| 40.16712934|         19.054|    21.0| -173.961| -202.083|    10.5|        9.3|    10.6|    1.0|    0.9|
       208795888023928448| 80.01092491| 45.78000188|         13.367|    21.0|  223.307| -239.471|     2.9|        2.6|     5.9|    0.5|    0.4|
      1928182793962596480|344.36273045| 37.75389541|         12.767|    21.0|  136.575| -134.279|     9.6|       11.8|     7.9|    1.2|    1.5|
       813457670468565760|143.47615676| 41.63613884|         13.112|    21.0|  107.667| -115.564|     6.9|       10.0|     6.5|    1.1|    1.6|
      1294977105541872640|226.24074236| 37.26060838|         13.244|    21.0|  204.309| -259.286|    17.7|       18.1|     6.4|    2.8|    2.8|
      1391023221503288960|232.33725282| 42.83950828|         18.405|    21.0|  207.488| -192.960|     7.4|        4.3|     6.2|    1.2|    0.7|
       345279743846931712| 33.56603431| 41.85410260|         13.640|    21.0| -271.878| -348.476|     4.5|        1.1|     6.3|    0.7|    0.2|
      1638578406231809280|259.13015822| 69.66336079|         13.457|    21.0|  115.872| -123.239|    15.4|       12.6|     6.0|    2.6|    2.1|
       649629132260465920|125.04093054| 12.89777869|         14.616|    21.0|  184.942| -110.073|     3.7|        4.3|     5.7|    0.6|    0.7|
      2723616475256065024|333.74452372|  9.12528293|         14.111|    21.0|  161.688|  207.980|     4.3|       10.0|     7.7|    0.6|    1.3|
      4204468662915481728|285.73703485| -8.47173325|         14.402|    21.0| -117.974| -443.344|     9.9|        6.2|     5.8|    1.7|    1.1|
      2881087499795219456|  1.81521793| 39.49977887|         14.800|    21.0|  116.095| -134.130|     4.5|        7.8|     5.8|    0.8|    1.4|
      1108625483956212736|115.11653527| 69.11417663|         12.951|    21.0| -111.789| -274.031|     3.3|        6.4|     6.3|    0.5|    1.0|
      3616030208857875968|211.96671596| -8.34697670|         14.067|    21.0| -280.296| -171.186|     6.1|       12.6|     5.8|    1.1|    2.2|
      4233772125235914112|297.34681679| -3.50122803|         14.573|    21.0|  103.928| -105.671|     3.1|        4.4|     5.7|    0.5|    0.8|
      4499131177757882496|267.18079514| 12.62685919|         14.204|    21.0|  155.663|  122.684|     3.3|        2.8|     6.0|    0.5|    0.5|
      3874775771961006080|150.47600596|  8.10336351|         15.114|    21.0| -186.553| -155.770|     7.1|        8.4|     6.1|    1.2|    1.4|
      3590100116902381696|173.64625007| -9.84259347|         18.332|    21.0| -124.943| -102.736|    13.4|       18.3|     8.2|    1.6|    2.2|
      1905955788450612096|334.91318428| 35.59280673|         17.146|    21.0|  226.052|  361.726|     0.8|        7.5|     6.3|    0.1|    1.2|
      1430430134855287552|249.54804795| 56.91280129|         14.488|    21.0| -164.081|  112.931|     5.7|        7.7|     6.5|    0.9|    1.2|
      4249578665734104448|303.86933522|  6.20898891|         17.124|    21.0| -195.794| -251.598|     5.9|        7.4|     7.8|    0.8|    0.9|
       321913541207796864| 20.38196520| 37.91335747|         13.886|    21.0|  226.628|  152.640|     4.2|        3.3|     6.7|    0.6|    0.5|
      2109903547451931392|275.70463927| 41.15276563|         14.866|    21.0|  129.147|  262.429|     0.5|        2.9|     5.6|    0.1|    0.5|
      2570373004207382400| 32.14503687| 10.18214328|         16.233|    21.0|  372.218| -210.251|    16.2|       15.3|    13.9|    1.2|    1.1|
      3318727861063166848| 92.69137296|  5.84346944|         13.189|    21.0| -194.975| -133.228|     2.8|       13.4|     7.1|    0.4|    1.9|
      2301088931388755072|335.66315716| 85.39210500|         17.678|    21.0|  139.462|  121.430|     6.2|        5.5|     6.2|    1.0|    0.9|
      4426479748658451968|239.15461195|  4.97786958|         14.616|    21.0| -176.094| -230.876|     8.4|        7.6|     7.5|    1.1|    1.0|
       621757951308653824|152.65995641| 16.03971623|         13.303|    21.0| -227.179| -106.221|     7.1|        9.7|     7.1|    1.0|    1.4|
       902439497237504384|123.82982315| 33.40578922|         14.594|    21.0|  264.521| -289.588|     4.4|        5.7|     6.0|    0.7|    1.0|
      1548712675195265024|183.31353696| 51.81868953|         15.569|    21.1| -217.205| -167.964|     3.4|        8.4|     6.3|    0.5|    1.3|
       399981375042677632| 20.34460025| 47.57435422|         14.997|    21.1| -144.232| -390.771|     2.6|        3.3|     6.3|    0.4|    0.5|
      1887751380587578112|342.85462877| 29.88016207|         17.643|    21.1|  506.091|  180.394|    10.4|       10.2|    10.0|    1.0|    1.0|
      1178288204227956224|220.82858620| 11.34805054|         13.348|    21.1| -192.148| -128.545|     0.5|       14.1|    11.5|    0.0|    1.2|
      4474494734251364608|270.64005421|  5.75035779|         16.142|    21.1| -155.839| -422.159|     3.7|        7.7|     6.9|    0.5|    1.1|
      1134166142636204544|152.28390817| 81.43367959|         16.255|    21.1| -102.973| -129.013|     8.9|       14.9|     6.8|    1.3|    2.2|
      3150532994665639296|118.59183071| 11.01440508|         13.879|    21.1|  115.328| -355.366|     3.9|        1.1|     7.7|    0.5|    0.1|
       741166808166166656|154.27540029| 28.54202006|         14.862|    21.1| -381.125| -169.714|     7.6|       13.3|     7.3|    1.0|    1.8|
      2634543320302925056|351.16897253| -3.05918720|         12.819|    21.1| -371.921| -383.937|     3.5|        7.3|     7.0|    0.5|    1.0|
       121519060190456960| 53.82367176| 32.19950642|         15.457|    21.1|  278.965| -259.769|     7.0|        8.2|     7.4|    0.9|    1.1|
        95297185335797120| 27.23770822| 19.04047785|         15.544|    21.1|  224.549| -110.294|     7.4|       10.9|    15.2|    0.5|    0.7|
      4375461275258623872|264.83045448|  1.05075296|         13.038|    21.1| -294.501| -267.700|     3.5|       10.7|     6.9|    0.5|    1.6|
      3303882706024344448| 62.19512757| 11.67577199|         15.036|    21.1| -153.601| -189.452|     2.0|       14.0|     7.4|    0.3|    1.9|
      1875447604953567872|338.31995336| 23.68860096|         12.650|    21.1|  251.441| -396.149|     2.6|        3.8|     6.5|    0.4|    0.6|
      1738578954418025856|321.74627813|  5.95304126|         14.142|    21.1| -114.255| -279.921|     2.2|        7.0|    13.4|    0.2|    0.5|
       532567805747602816| 17.78764933| 68.43537523|         15.242|    21.1|  372.428| -331.912|     1.2|        2.3|     6.3|    0.2|    0.4|
      1332459937968949888|245.68282835| 39.53569285|         15.183|    21.1| -163.023|  121.360|     1.3|        8.0|     6.0|    0.2|    1.3|
      3317635947223274752| 94.79340544|  4.59488084|         14.450|    21.1| -191.966| -229.678|     2.5|        2.5|     6.5|    0.4|    0.4|
      3800849660991382272|173.12995270|  3.57679893|         13.953|    21.1| -105.537| -174.187|    12.4|       13.6|     8.8|    1.4|    1.5|
      2218968572578505600|332.57118266| 66.57714346|         14.537|    21.1|  107.637|  114.181|     2.7|        6.8|     7.7|    0.3|    0.9|
      4546345448300311936|255.44742118| 16.47822471|         13.660|    21.1| -122.014| -229.361|     0.2|        8.5|     6.8|    0.0|    1.2|
      2592405430521595008| 23.77860240| 15.99369005|         13.624|    21.1|  194.195| -145.353|     2.2|       12.0|    14.9|    0.1|    0.8|
       882121243910286592|116.85550085| 33.85569544|         14.881|    21.1|  184.960| -148.844|     4.1|        5.0|     5.9|    0.7|    0.8|
      3972350316460640256|175.06332174| 15.65440123|         14.644|    21.1| -413.643|  197.205|     4.0|        4.4|    14.4|    0.3|    0.3|
      3147262050652103040|118.42052777|  9.55339942|         13.201|    21.1| -147.494| -118.311|     3.4|        5.6|     7.7|    0.4|    0.7|
      2263526521809325440|294.73082498| 71.56554779|         14.382|    21.1|  107.054| -140.578|     2.9|        6.9|     7.0|    0.4|    1.0|
      1122810249105483392|121.99761963| 71.91924606|         13.505|    21.1| -237.536| -447.872|     4.3|        4.1|     6.9|    0.6|    0.6|
      2518809791515122688| 30.17897407|  4.58480243|         14.535|    21.1| -139.584| -293.271|     5.3|        6.3|     9.8|    0.5|    0.6|
      1535001112359882880|186.23065447| 42.22441388|         15.186|    21.1| -352.441| -143.217|    12.4|        7.3|     9.9|    1.3|    0.7|
      5756721761216183296|136.48286606| -6.07884612|         15.349|    21.1|  178.057| -172.185|     2.4|        7.3|     6.2|    0.4|    1.2|
      4204673584356053632|288.26165684| -8.34159213|         13.389|    21.1|  267.116| -183.721|     4.7|       12.9|     5.8|    0.8|    2.2|
      1826042733612949888|294.78670224| 20.94255699|         15.540|    21.2| -110.169| -309.670|     2.9|        7.1|     6.5|    0.4|    1.1|
      3324021597220769792| 94.66784666|  5.91733408|         17.632|    21.2| -134.282| -109.622|     4.0|        2.8|     7.5|    0.5|    0.4|
      1723945485443865472|245.95688941| 84.24548584|         19.692|    21.2| -103.278|  218.348|   104.9|      107.9|     9.3|   11.3|   11.6|
      1878546475397491456|334.49750329| 24.15377346|         12.886|    21.2| -118.395| -411.739|     2.8|        4.9|     5.5|    0.5|    0.9|
      3638887406331774592|202.59647760| -0.29112764|         15.697|    21.2| -210.619| -120.051|     4.7|       11.8|    10.2|    0.5|    1.2|
       441533362569863296| 52.74007206| 49.44358051|         15.822|    21.2|  112.495| -300.603|     7.7|        4.8|     6.3|    1.2|    0.8|
       987227889734964992|109.00546501| 54.41259996|         17.806|    21.2|  161.226| -171.178|     1.4|        4.9|     6.9|    0.2|    0.7|
      1953384562546342016|327.18893852| 39.37892933|         16.219|    21.2|  138.403| -231.916|     1.9|        3.3|     7.1|    0.3|    0.5|
      3932235386344241920|189.86981539| 13.69443736|         17.316|    21.2|  193.524| -166.611|    13.1|       13.0|    13.8|    1.0|    0.9|
      3923942427262387840|176.76826662| 14.33669983|         17.370|    21.2| -337.770|  142.964|     3.1|        5.1|     6.8|    0.5|    0.8|
      4305992550072758656|286.57865315|  6.89653523|         15.583|    21.2|  149.157| -106.155|     6.2|        2.4|     6.1|    1.0|    0.4|
      2108280908807682688|276.99714951| 37.78666889|         15.178|    21.2|  120.079| -287.483|     6.1|        3.0|     5.6|    1.1|    0.5|
      3956157362041983360|190.57305587| 23.03108298|         16.370|    21.2| -148.532| -227.819|     9.5|       16.0|     7.9|    1.2|    2.0|
      4404503294355632384|236.08455954| -0.39227970|         16.400|    21.2| -124.291| -356.616|    11.2|        5.1|     7.0|    1.6|    0.7|
      1424243801401668096|248.43527680| 52.46013701|         12.641|    21.2| -114.806|  228.682|     4.1|        2.2|     6.0|    0.7|    0.4|
      3442021876605674880| 83.66122993| 26.77420593|         13.660|    21.2| -101.134| -254.969|     0.4|        1.7|     5.4|    0.1|    0.3|
      3850577818841338368|143.46105176|  2.41942945|         15.895|    21.2| -221.650| -169.891|     5.8|        4.4|    10.2|    0.6|    0.4|
      1661632210128361088|209.15627439| 61.98285540|         14.067|    21.2| -338.093|  464.757|     7.6|       11.4|     6.3|    1.2|    1.8|
       327744698046378624| 35.23087916| 35.07444235|         15.752|    21.2|  510.363| -106.700|     3.9|        7.5|     6.3|    0.6|    1.2|
      1739017281600575744|322.42874994|  6.69865022|         12.800|    21.2|  372.318| -318.232|     5.3|        7.6|     7.4|    0.7|    1.0|
      5186329415449750400| 45.24841720| -3.29695992|         16.543|    21.2|  115.018| -232.496|     1.9|        6.1|     7.9|    0.2|    0.8|
      3921276764400541440|183.93819405| 14.45896209|         13.444|    21.2|  530.870| -338.504|     2.9|        6.4|    13.6|    0.2|    0.5|
      1018763601207638016|142.79817576| 51.30279286|         13.536|    21.2|  147.472| -145.187|     5.8|        6.6|     5.7|    1.0|    1.2|
      3678949693037899520|193.64361437| -4.42263708|         15.621|    21.2|  262.702| -125.713|    18.1|       17.8|    11.1|    1.6|    1.6|
       389304361222813696|  7.05476955| 46.22156615|         16.120|    21.2| -136.615| -233.059|     2.2|        2.9|     5.9|    0.4|    0.5|
      4034564360852041600|179.00113085| 39.37659106|         16.503|    21.2| -154.320| -106.079|     5.6|       11.1|     8.2|    0.7|    1.3|
      1405985929785908480|249.32673884| 44.47897051|         14.898|    21.2| -133.358| -122.358|     5.2|        2.2|     7.7|    0.7|    0.3|
      4336113808545630592|255.29296415| -9.23139661|         13.194|    21.2| -313.049| -164.705|     2.3|        3.0|     5.8|    0.4|    0.5|
      3780705783336440960|154.42678607| -3.08343993|         16.178|    21.2|  149.664| -160.021|    11.0|       12.9|     6.4|    1.7|    2.0|
       912528169257325696|132.10313603| 41.43445653|         13.223|    21.2| -172.028| -154.367|     3.7|        3.2|     8.4|    0.4|    0.4|
      2859162722540071296|  6.79647251| 30.61711191|         14.176|    21.2| -187.713| -181.412|     2.4|        9.0|     5.5|    0.4|    1.6|
       882121342692912000|116.86730379| 33.86515712|         12.646|    21.2|  185.074| -149.347|     3.9|        6.0|     5.9|    0.7|    1.0|
      5733071059944555520|137.52880641|-12.29600293|         15.062|    21.2| -113.662| -187.613|     2.5|        3.4|     6.8|    0.4|    0.5|
       113116798488673152| 41.80962285| 24.20073114|         14.923|    21.2|  130.520| -136.209|     1.6|        1.8|     7.5|    0.2|    0.2|
      2552692376196490624| 13.28849493|  5.19356714|         14.530|    21.2|  101.225| -158.632|     4.8|        6.1|    18.7|    0.3|    0.3|
      1202114518123697792|244.98234004| 20.58956973|         15.789|    21.2| -390.880|  130.166|     2.2|        2.7|     7.4|    0.3|    0.4|
      4276849994378935936|277.12535001|  2.06787092|         14.052|    21.2| -161.282| -284.717|     1.4|        4.1|     7.6|    0.2|    0.5|
      1775489834640499712|333.13955201| 17.65133084|         15.625|    21.2|  271.558|  191.031|     1.2|        3.6|     5.5|    0.2|    0.6|
      3943635161552316928|199.02471423| 21.86635734|         14.098|    21.2| -357.288| -147.113|     6.6|        7.1|     6.4|    1.0|    1.1|
       416414916353441664|  7.81358446| 53.08166585|         13.854|    21.2|  731.310|  547.025|     5.6|        6.6|     5.7|    1.0|    1.2|
       277762686155850752| 72.49475147| 57.54747619|         15.513|    21.3|  117.467| -144.629|     3.8|        9.0|     5.8|    0.7|    1.5|
      4338807302798482048|251.25981216| -8.72875093|         14.863|    21.3| -110.677| -338.790|     1.2|        5.5|    10.4|    0.1|    0.5|
       512093593572007808| 25.49995217| 63.42626179|         14.543|    21.3| -203.642| -169.272|     6.3|       10.2|     6.4|    1.0|    1.6|
      6315436705085274368|229.76592098|-11.82446909|         12.601|    21.3|  147.364| -162.229|     3.7|        9.8|     7.9|    0.5|    1.2|
      1447472668164775040|199.49426698| 25.62929212|         15.162|    21.3|  148.801| -275.496|     2.3|        2.9|     5.7|    0.4|    0.5|
       112807934504906112| 42.56599369| 23.20515592|         17.165|    21.3|  140.230| -175.313|     4.5|        1.6|     5.6|    0.8|    0.3|
       954084103853713280|102.98672779| 45.46485004|         14.392|    21.3|  213.480| -262.954|     3.9|        1.8|     5.7|    0.7|    0.3|
      1212854650782613888|227.24092164| 19.79749352|         14.992|    21.3| -182.727| -106.377|     2.8|        4.7|     9.8|    0.3|    0.5|
       167851277595857024| 57.19821587| 29.37171842|         14.427|    21.3|  115.434|  195.423|     3.1|        7.3|     5.5|    0.6|    1.3|
       289415619622237824| 21.18077029| 21.45633820|         16.021|    21.3| -267.310| -310.131|     3.9|        2.9|     5.5|    0.7|    0.5|
      2871616925108408064|355.95683085| 31.60867012|         13.252|    21.3| -164.017| -138.041|     2.4|        4.4|     7.4|    0.3|    0.6|
      1120635071508097408|136.73670571| 72.43381446|         14.742|    21.3|  177.897| -458.377|     3.4|        1.8|     6.4|    0.5|    0.3|
      3925374438078436736|180.37102707| 16.47589271|         13.625|    21.3| -189.608|  115.079|     6.1|        4.2|     8.3|    0.7|    0.5|
      1154738172694713856|224.71806009|  3.23712120|         16.992|    21.3| -205.549|  121.402|     5.7|       10.7|     8.1|    0.7|    1.3|
       809084603487945728|154.25327507| 44.54628572|         17.447|    21.3| -270.760| -423.023|     6.3|        2.3|     6.9|    0.9|    0.3|
      3388275682357673088| 77.28730109| 12.33223895|         13.463|    21.3| -171.514| -122.701|     1.5|        3.1|     7.2|    0.2|    0.4|
      3016069147858020864| 85.57275292| -7.01884386|         13.318|    21.3|  130.610| -340.028|     6.9|        5.3|     6.1|    1.1|    0.9|
      2006430088723379712|337.29850745| 54.94807624|         14.214|    21.3|  384.238|  140.942|    11.8|        7.3|     6.2|    1.9|    1.2|
      1715303083532689408|206.25113922| 79.54665043|         15.185|    21.3|  258.182| -226.167|     7.3|       11.1|     5.9|    1.2|    1.9|
      3759062446699875840|167.65316274| -9.35177394|         14.132|    21.3| -402.119|  200.910|     5.1|        5.5|     8.5|    0.6|    0.7|
      1120658539209402496|136.75828353| 72.43570629|         16.096|    21.3|  176.412| -459.795|     3.0|        1.1|     6.4|    0.5|    0.2|
      1514549543248260736|190.31338837| 32.62810324|         14.393|    21.3| -283.843| -115.348|     5.9|        9.5|    12.0|    0.5|    0.8|
       512093593572007552| 25.50145789| 63.42638867|         14.356|    21.3| -199.784| -177.756|    13.8|       14.7|     6.4|    2.2|    2.3|
      2552692371901142016| 13.28811806|  5.19319477|         14.861|    21.3|  105.127| -163.436|    10.7|        4.4|    18.7|    0.6|    0.2|
      1534764820439149184|187.47511947| 41.40420284|         14.550|    21.3|  166.698| -141.915|     3.0|        2.0|    16.0|    0.2|    0.1|
      4169569545340423296|262.06319048| -7.23768216|         17.083|    21.3|  157.018| -135.731|     3.0|        3.8|     6.6|    0.4|    0.6|
      3967215661582833152|171.58001988| 15.20442541|         13.280|    21.3| -275.005| -137.926|     6.8|       11.3|     7.3|    0.9|    1.5|
        55654980791361152| 49.58062285| 17.71059258|         12.567|    21.3| -115.391| -123.910|     5.1|        6.0|    17.2|    0.3|    0.3|
      1868340567961815040|316.81833147| 36.48102684|         15.394|    21.3|  135.124|  105.314|     1.8|        2.4|     6.2|    0.3|    0.4|
      1700351099783819136|225.67688836| 74.00650654|         13.498|    21.3| -161.348|  265.133|    16.6|       19.4|    15.7|    1.1|    1.2|
       620433971805286400|145.16574380| 16.43703866|         13.827|    21.3| -357.681| -202.001|     2.6|        3.2|     7.3|    0.4|    0.4|
      2018317733557756928|294.55894747| 21.46560157|         12.834|    21.3| -205.639| -235.467|     0.6|        7.2|     5.3|    0.1|    1.4|
      2848036347768976768|359.64954610| 22.48918051|         18.529|    21.3|  246.469| -113.908|     4.6|       12.2|     7.8|    0.6|    1.6|
      3060978867798427520|114.42618710| -2.52566251|         16.765|    21.3| -111.951| -260.834|     2.1|        6.6|     5.9|    0.4|    1.1|
      1759487164453343360|319.64196227| 14.73644455|         14.448|    21.3|  249.425|  181.634|     6.7|        3.4|     5.4|    1.2|    0.6|
       265079063614620544| 84.34155076| 54.74570094|         17.070|    21.3|  115.771| -179.314|     1.7|        2.0|     5.9|    0.3|    0.3|
      3101728559730170240|105.56738694| -4.43543846|         14.377|    21.3|  266.874| -290.922|     1.9|        6.8|     6.5|    0.3|    1.0|
      3826421724472740992|148.17188225| -2.94797892|         15.100|    21.3|  142.213| -333.173|     4.4|        2.3|     7.6|    0.6|    0.3|
      3130683098934230784|100.12405533|  4.51504617|         16.098|    21.3| -131.093| -187.836|     4.8|        6.2|     7.7|    0.6|    0.8|
      3413936570057817984| 79.69589725| 20.90359165|         19.042|    21.3|  179.087| -188.959|     8.0|        7.6|     7.9|    1.0|    1.0|
      2743286119802382464|358.51780034|  3.99622360|         14.647|    21.3| -241.475| -323.695|    12.5|       16.5|     7.4|    1.7|    2.2|
       729971477692409088|162.39385432| 26.02999774|         14.879|    21.3| -396.482| -134.234|     5.7|       13.3|     5.4|    1.0|    2.5|
      4368300087306707072|257.50378124| -1.22938012|         14.493|    21.4|  105.952| -136.477|     1.6|        5.4|     5.8|    0.3|    0.9|
      1618135770651774720|218.72445067| 60.31710379|         16.214|    21.4| -162.919|  107.518|     9.7|        4.0|    12.5|    0.8|    0.3|
       426732767830735744| 12.59044744| 59.38805261|         12.845|    21.4|  162.613| -157.537|     3.6|        4.0|     6.9|    0.5|    0.6|
      2501315839962676736| 36.29726006|  0.91099635|         16.696|    21.4|  191.692| -124.796|     7.7|       13.0|    10.7|    0.7|    1.2|
      1852810241091726336|318.47496924| 30.77203790|         14.087|    21.4| -137.368| -284.779|     3.6|        3.2|     5.6|    0.6|    0.6|
      2253398782766572672|282.45967698| 64.23157190|         14.010|    21.4|  113.380|  194.944|     0.9|        9.3|     6.6|    0.1|    1.4|
      1744287790588722304|316.88080326|  9.86849828|         14.720|    21.4|  146.667|  165.819|     2.7|       10.5|    10.1|    0.3|    1.0|
      1646751694636140928|241.27698669| 69.21009544|         16.657|    21.4| -102.666|  211.376|     8.9|        9.3|    13.6|    0.7|    0.7|
      4446863869601988608|250.46741082| 10.57477757|         12.671|    21.4| -321.012| -291.981|     4.4|        7.3|     7.5|    0.6|    1.0|
       304699930760342144| 30.35988168| 32.29965682|         16.268|    21.4| -130.217| -251.624|     5.5|        2.5|     5.9|    0.9|    0.4|
      2173746552692536192|329.48441564| 54.37790398|         16.309|    21.4|  156.554|  132.807|     1.1|        2.3|     6.8|    0.2|    0.3|
      3331155885794383104| 98.06514711| 11.87057078|         12.739|    21.4| -141.855| -104.382|     6.1|        9.9|     7.1|    0.9|    1.4|
      1749829260473327616|313.14202334|  8.21118557|         15.325|    21.4|  226.333|  170.287|     2.8|        7.9|     7.9|    0.4|    1.0|
       355070723093837696| 32.64190962| 48.65762455|         13.309|    21.4|  332.400| -121.370|     1.8|        5.0|     5.8|    0.3|    0.9|
      5737277310396156672|135.62871603|-10.57715047|         13.449|    21.4| -148.149| -202.554|     3.8|        6.4|     7.6|    0.5|    0.8|
      1502610668037636224|208.37062626| 44.26866280|         14.712|    21.4| -295.494| -243.407|     5.4|        9.6|     8.8|    0.6|    1.1|
      4578060929926701824|273.81847145| 22.95196717|         14.029|    21.4| -114.985| -103.852|     2.4|        2.7|     5.9|    0.4|    0.5|
      3651849583271298816|220.75530676|  1.01232461|         14.127|    21.4| -198.564|  151.208|     1.7|        9.1|     6.9|    0.3|    1.3|
      1821730036683726592|300.64235569| 17.31023427|         15.880|    21.4|  159.347| -186.178|     4.6|        3.2|     6.4|    0.7|    0.5|
      1608550262641074048|216.74695585| 54.50013492|         14.142|    21.4| -104.392| -124.948|     2.8|        4.9|     6.8|    0.4|    0.7|
      1830221668064351104|303.45146979| 22.44057602|         14.862|    21.4|  200.286| -208.500|     5.6|        8.4|     6.4|    0.9|    1.3|
      4528304730243095296|272.36065093| 21.22128993|         15.220|    21.4| -143.694|  179.626|     6.6|        6.5|     6.0|    1.1|    1.1|
      1411958889265082496|250.88341087| 48.80417033|         17.859|    21.4| -124.639|  353.817|     5.8|        6.2|     5.5|    1.1|    1.1|
      1770012888054516864|323.02050298| 12.71718475|         12.541|    21.4|  307.046|  202.383|     6.7|       11.8|     7.8|    0.9|    1.5|
      2479902301256032896| 26.81358721| -5.29532290|         15.749|    21.5|  179.581| -100.612|    12.4|       17.3|    15.8|    0.8|    1.1|
      3213901904222203392| 80.08756642| -3.28708532|         15.025|    21.5| -115.416| -158.825|     4.0|        3.8|     6.2|    0.6|    0.6|
      4247595288495159040|302.21655282|  4.64811331|         16.190|    21.5|  126.721| -126.119|     7.7|        4.3|     6.5|    1.2|    0.7|
      1192788941536137984|238.07328608| 14.95768922|         15.703|    21.5|  112.854| -173.639|     2.4|        4.3|     7.5|    0.3|    0.6|
       676308850631682560|126.21230645| 22.18571977|         14.475|    21.5|  184.910| -156.220|     0.6|        2.8|     6.3|    0.1|    0.4|
      4434335209481958528|250.39509600|  4.45167055|         14.611|    21.5| -101.869| -360.806|     0.7|        3.7|     7.6|    0.1|    0.5|
      3094312766114514176|120.27337953|  3.56847709|         18.851|    21.5| -184.075| -119.533|    10.2|       15.1|     9.2|    1.1|    1.6|
      5723861687990422144|126.13019957|-13.04767205|         14.439|    21.5| -142.465| -119.706|     2.5|        3.0|     5.9|    0.4|    0.5|
         6348240836955520| 42.98653738|  5.71322289|         14.305|    21.5|  486.485| -126.405|     7.3|       11.2|     7.8|    0.9|    1.4|
      1197546562708387584|237.20182807| 17.84742047|         13.228|    21.5| -208.071|  121.412|     6.1|        7.1|     7.2|    0.8|    1.0|
       486161749263460480| 85.11211312| 70.83549989|         13.786|    21.5| -149.153| -113.584|     3.7|        6.1|     6.6|    0.6|    0.9|
       742386883820177152|152.52347868| 30.54704742|         13.195|    21.5| -236.363| -148.830|    11.1|       10.9|     8.0|    1.4|    1.4|
       594183161757458048|141.13811405| 13.60639323|         15.275|    21.5| -195.041|  132.828|     5.5|       14.6|    11.5|    0.5|    1.3|
      1657463068195202432|209.28873674| 55.74756605|         19.032|    21.5| -175.971|  102.245|     6.4|       10.1|    11.9|    0.5|    0.9|
       473369378153325568| 58.90992564| 59.97850610|         15.065|    21.5|  153.390| -265.788|     4.1|        5.2|     6.9|    0.6|    0.8|
      2013520736126296960|344.04591270| 59.36158349|         16.221|    21.5|  128.969|  111.933|     3.1|        8.1|     6.6|    0.5|    1.2|
      3778400279251796992|160.19687915| -3.30513926|         12.792|    21.5|  129.566| -339.578|     6.3|        6.9|     6.2|    1.0|    1.1|
      3001481239898892288| 94.86497976|-10.58358569|         15.458|    21.5|  160.552| -151.870|     3.4|        6.6|     5.8|    0.6|    1.1|
       594183166051635200|141.13770011| 13.60653338|         14.147|    21.5| -189.885|  128.491|    11.4|       19.1|    11.5|    1.0|    1.7|
       304044759269043456| 28.61233502| 30.76251676|         13.748|    21.5|  275.378| -193.956|     3.1|        1.8|     5.4|    0.6|    0.3|
       341838783551919360| 38.59452442| 46.15748048|         16.739|    21.5| -152.261| -116.833|     3.0|        2.3|     6.3|    0.5|    0.4|
       124633976631843328| 52.54439453| 32.78022482|         16.286|    21.5|  316.311|  119.978|     2.0|        2.0|     5.6|    0.4|    0.4|
      1741424490510675200|325.34580438|  9.48350577|         17.560|    21.5| -289.181| -281.457|     3.8|        5.3|     7.7|    0.5|    0.7|
      1578022768971308672|191.21036335| 57.98454114|         18.353|    21.5| -296.483| -165.936|     6.7|       11.4|     7.0|    1.0|    1.6|
        73897390524007808| 34.56532552| 12.86616746|         16.314|    21.5|  227.037|  115.569|     7.3|       12.3|    10.5|    0.7|    1.2|
      1821005011824531456|296.81773203| 17.08518466|         18.165|    21.5| -138.643| -155.525|     4.7|        6.5|     5.7|    0.8|    1.1|
      2874607631095888256|359.83175903| 32.68901986|         13.661|    21.5| -181.278| -242.661|     7.3|       10.6|     6.3|    1.2|    1.7|
      1807738957378258944|300.88433079| 15.14263170|         14.616|    21.5|  148.156|  111.395|     1.4|        5.3|     6.4|    0.2|    0.8|
      1794409921493969792|325.51677045| 22.87423978|         15.877|    21.5|  114.245| -134.276|    37.6|       29.4|    20.0|    1.9|    1.5|
      4349144430088525696|242.27535474| -7.28985794|         12.780|    21.5| -221.710| -176.834|     2.7|        4.3|     6.3|    0.4|    0.7|
      2057919805924983296|306.11626185| 37.16315241|         14.651|    21.5|  273.212|  384.931|     1.1|        7.3|     5.6|    0.2|    1.3|
       893399415712612992|111.10139416| 34.06377298|         14.279|    21.6| -272.872| -408.593|     6.3|       13.8|     7.1|    0.9|    1.9|
       766925204508674560|174.30064409| 38.66441443|         14.994|    21.6|  110.221| -182.981|     1.4|        5.3|     8.7|    0.2|    0.6|
       144835853524677632| 69.72785619| 21.79584643|         16.047|    21.6|  176.726| -209.650|    13.9|       13.4|     5.8|    2.4|    2.3|
       141426989522007808| 42.05236060| 36.77555684|         15.182|    21.6|  108.664| -318.840|     2.3|        7.6|     6.7|    0.3|    1.1|
      1398207159897652736|236.94712917| 46.97709683|         16.442|    21.6| -267.409|  252.301|     2.2|        7.9|     6.4|    0.3|    1.2|
       151875889038936064| 68.78701742| 27.56504649|         15.903|    21.6|  306.476| -179.424|     2.3|        6.5|     5.5|    0.4|    1.2|
      4356442919556951424|242.73766957| -4.82964397|         13.329|    21.6|  185.274| -151.799|    20.8|       16.2|     5.9|    3.5|    2.8|
      1213916229258841856|231.59591132| 20.71227456|         12.963|    21.6| -150.164| -119.725|     1.2|        6.1|     5.7|    0.2|    1.1|
      5744326794836737280|137.75067741| -7.48196533|         17.063|    21.6| -101.116|  184.792|     9.5|        7.3|     7.7|    1.2|    1.0|
      4424788699771717888|239.06873886|  2.51096983|         18.011|    21.6| -339.552| -231.441|     4.6|        4.5|     6.8|    0.7|    0.7|
       692685835803606656|134.56719562| 27.56398235|         18.138|    21.6|  110.239| -119.596|     2.7|        5.6|     7.4|    0.4|    0.8|
      4264560581141525248|290.05388619|  1.03473298|         14.741|    21.6| -172.304| -241.854|     3.1|       10.0|     8.8|    0.4|    1.1|
      4263261748666588800|291.35338064| -0.68593903|         13.597|    21.6| -128.738|  169.833|     1.0|        6.1|     8.1|    0.1|    0.7|
      3861021809210504448|152.70496475|  4.64465042|         14.414|    21.6| -162.531| -144.210|     1.7|        4.2|     7.7|    0.2|    0.5|
      4247324568122196608|300.90375582|  3.80215751|         15.260|    21.6|  131.086| -113.610|     7.1|        5.1|     6.4|    1.1|    0.8|
      3965321310422802048|169.17009834| 13.80069106|         12.665|    21.6| -100.991| -127.193|     4.3|       10.2|     7.1|    0.6|    1.4|
      2052211897472316544|294.84686385| 39.12030481|         19.279|    21.6|  216.536|  106.853|    23.9|       22.0|    11.6|    2.1|    1.9|
      2135108477132084608|294.00895181| 50.15530953|         14.809|    21.6|  102.744|  239.850|     4.8|        2.9|     5.6|    0.8|    0.5|
